0
-0.1329677
0.4086675
1.567871
1.655243
0.4805467
-0.777578
-0.8413587
-0.4180861
-1.41783
-3.067332
-2.027731
-0.7046948
0.1082681
0.2441143
-0.4240563
0.7136518
0.4069291
-1.429801
-1.942275
0.03121172
1.301327
0.384517
-0.2597233
-2.088672
-2.298261
-1.820619
-0.6650032
-1.993720
-2.312666
-1.630588
-1.268228
-1.385052
-1.395298
-0.2991748
-1.363183
-0.7295733
2.592782
4.295064
4.853174
4.143351
3.478967
3.951269
4.068662
3.310527
1.010170
1.295026
2.724276
1.915629
1.987695
1.995213
1.383305
1.222737
0.2135175
-0.3486004
0.7821339
1.427913
1.894212
0.662438
-1.397312
-0.4219004
1.543275
1.12263
0.632873
1.544737
2.853393
2.905746
2.739178
4.118319
4.432619
2.37191
1.772268
2.989294
3.779122
3.047416
2.025300
2.900265
3.518420
3.601869
3.539420
3.370951
3.531796
1.860839
0.5861233
1.210685
0.3110464
0.08188845
0.6771243
1.558562
1.481763
2.650657
2.972523
3.090214
1.412807
1.084872
0.697649
-0.7882435
-2.100611
-2.694173
-3.326451
-3.166311
-3.997632
-5.149464
-4.712697
-2.834024
-1.853730
-4.416701
-4.950427
-5.140475
-4.432401
-4.704702
-4.823739
-6.123953
-5.99541
-4.511534
-4.354997
-3.545096
-3.464021
-5.385912
-5.696195
-5.290622
-4.469706
-4.527451
-5.691587
-6.400919
-8.025885
-9.134072
-10.00824
-10.56709
-10.47460
-9.844611
-11.08264
-11.39889
-9.615465
-9.17251
-10.78025
-12.42996
-12.85194
-12.02201
-11.08005
-13.69773
-14.69467
-13.98909
-13.64155
-14.86436
-13.66998
-14.79035
-17.12224
-17.60407
-17.33979
-17.21335
-16.92886
-16.31566
-16.80893
-16.18985
-16.16461
-16.04765
-17.59657
-15.68875
-15.56450
-15.78070
-15.02836
-15.62112
-16.38933
-16.19282
-16.92229
-17.09964
-18.11126
-19.27070
-20.33726
-20.17843
-19.00359
-16.87419
-17.39697
-17.08348
-18.16316
-18.994
-20.36825
-20.70244
-19.13648
-18.62495
-18.15034
-18.94757
-17.32923
-15.37784
-15.09797
-15.04450
-16.06234
-13.47877
-9.700342
-9.211219
-11.06479
-12.63285
-12.46814
-11.17487
-10.63854
-11.44985
-12.11804
-11.52811
-10.76237
-11.04223
-9.79686
-10.91862
-11.53475
-11.36603
-11.69342
-13.40895
-10.88575
-8.934342
-10.17204
-12.62128
-10.16286
-5.397454
-5.408398
-7.919262
-8.402908
-5.92834
-5.967336
-8.879037
-10.05870
-8.716473
-7.771415
-9.207675
-9.891247
-8.201023
-5.517562
-5.920127
-6.424426
-6.166569
-4.214689
-4.054718
-4.586368
-6.629944
-6.852037
-7.25975
-5.522884
-3.653546
-3.896191
-4.141662
-3.881556
-3.992892
-4.739391
-3.105011
-2.70086
-3.806927
-4.233755
-5.084722
-5.159374
-3.450571
-1.862301
-3.060742
-5.088737
-6.190476
-4.848462
-4.571882
-5.079208
-5.215534
-4.531099
-4.056053
-3.393259
-1.594834
-0.6390123
-0.3307232
-2.117161
-1.757791
0.1298024
0.2252524
-0.9329403
0.057362
-0.1709704
-0.6556713
1.094345
0.8731576
-0.4839326
-2.481131
-1.417407
-0.682059
-1.863796
-3.107399
-2.656291
-1.933239
-2.001112
-2.972713
-3.556718
-4.929186
-3.276411
-2.587019
-4.60753
-6.216242
-6.352982
-5.869861
-5.307127
-5.392053
-6.048203
-5.443634
-2.877471
-2.446997
-3.586685
-4.775925
-3.771036
-0.8741382
-1.740670
-6.522075
-7.417284
-4.858267
-4.289562
-5.623244
-7.3113
-5.973799
-4.255608
-3.893325
-5.071668
-6.53914
-4.66646
-3.755163
-3.641205
-4.616452
-3.519055
-1.76716
-1.137688
-1.900452
-0.9145561
0.01266464
-0.3705143
-1.475929
-0.5335883
0.8124567
1.247762
0.2935653
-0.5896335
-0.5143864
-1.755780
-1.615621
-0.5453315
0.9770465
1.201393
-0.003543336
-1.317697
-0.5216314
1.520213
2.106675
1.180994
-1.015557
-1.790384
-1.361439
-2.269873
-1.400134
1.159362
2.402148
1.330623
0.4709975
-0.6098942
-0.3195056
0.2898625
0.4283512
-1.308714
-1.097317
0.9373072
2.683388
0.9010523
-0.2013014
1.878882
3.384084
2.99067
1.880809
1.044128
2.346895
2.466211
1.598818
0.5812096
0.8662725
1.806203
1.653296
-0.1289133
0.2404766
1.582610
0.9334317
0.588123
0.5394076
-1.216286
-2.206939
-3.4097
-4.068072
-4.426639
-5.261387
-6.618102
-6.190346
-4.067225
-3.804843
-4.479818
-3.726706
-3.637968
-5.114028
-5.738054
-5.926266
-8.040321
-9.045828
-8.163047
-9.32337
-9.391795
-10.29376
-9.509495
-7.320385
-6.54788
-6.213279
-5.804885
-6.407856
-6.713765
-4.841806
-4.104302
-5.125235
-5.57242
-6.365794
-6.069285
-5.235583
-4.963734
-3.997898
-3.680135
-3.99312
-5.439095
-5.9182
-5.359361
-5.078597
-5.945276
-6.654972
-5.417845
-4.219221
-3.848177
-5.102051
-6.38096
-5.494168
-4.595062
-5.84119
-5.300359
-4.666575
-5.555116
-4.367479
-2.553384
-3.058746
-4.884984
-6.053521
-4.224736
-1.92841
-1.289289
-2.745176
-2.829924
-0.9046958
0.98474
0.3915935
-1.577408
-1.899705
-2.386544
-3.582689
-4.157619
-2.488859
-0.7148797
1.574250
2.150650
2.174469
2.347828
2.009672
2.741147
2.652118
2.207495
3.087851
3.083007
1.922292
1.045764
2.403366
2.361902
1.157976
0.5337255
1.514373
1.328083
1.089466
0.5835757
-0.5012423
-0.3545828
0.6416813
1.192909
-0.7486301
-0.612259
-1.890753
-3.011498
-3.996494
-4.268001
-3.722016
-3.722494
-4.178213
-4.223123
-5.573433
-6.567077
-6.617832
-6.769656
-6.886181
-7.123332
-7.568914
-7.730128
-6.348883
-5.985852
-9.153853
-10.24519
-8.670502
-9.712481
-12.57042
-12.51705
-10.19250
-10.81301
-11.72438
-12.22844
-11.75223
-12.46705
-13.08564
-12.47423
-12.60658
-13.29504
-13.86993
-15.07613
-13.96565
-12.45779
-11.66890
-12.59112
-14.50056
-13.22231
-11.99402
-10.60947
-10.20491
-9.568552
-9.642066
-9.158128
-9.542665
-11.07887
-12.06935
-12.07866
-13.61353
-12.73610
-11.86430
-12.87168
-14.77389
-13.06683
-11.70737
-10.85583
-12.28018
-11.97996
-10.02252
-9.196406
-8.451629
-6.937079
-5.990591
-8.112536
-9.16651
-8.280925
-8.562092
-9.577482
-10.35099
-11.11056
-12.81061
-11.47546
-10.03803
-9.302985
-9.689908
-8.72546
-9.408514
-7.675644
-7.475319
-9.502002
-10.44908
-9.654107
-8.495365
-8.610322
-9.382568
-10.57200
-10.2404
-10.64857
-8.67265
-8.609509
-11.03744
-12.55317
-11.50323
-8.345693
-7.02917
-7.446198
-9.393505
-11.77786
-13.93611
-14.29079
-14.53103
-14.56051
-14.47608
-13.02656
-13.21128
-15.31473
-14.22238
-13.83786
-13.36805
-13.15936
-14.04739
-13.81702
-13.10879
-14.01615
-14.89352
-14.70608
-13.58423
-11.93836
-11.12149
-12.55258
-14.60926
-14.86271
-13.73051
-14.53515
-15.30501
-13.70606
-11.81835
-9.85312
-9.729647
-9.74022
-9.347728
-8.302851
-7.447178
-9.356707
-11.02067
-10.69826
-9.013265
-9.45263
-9.487483
-10.15255
-10.25179
-11.0587
-11.57230
-10.70519
-9.218014
-9.11106
-9.885234
-10.23794
-9.809094
-9.57402
-8.431146
-9.71333
-10.84430
-10.17270
-10.96357
-10.44636
-10.04398
-11.86818
-14.4305
-15.52643
-15.87381
-14.06329
-14.12988
-16.10693
-16.83473
-15.90333
-13.12495
-12.38754
-12.24963
-14.65545
-14.69043
-13.70735
-13.40449
-13.28516
-13.74125
-14.67453
-14.37485
-14.50254
-14.40217
-14.10427
-12.30053
-11.48051
-13.10061
-14.06834
-12.37744
-11.25049
-11.62830
-13.12962
-13.25522
-11.28561
-10.32781
-11.09383
-12.92085
-12.59665
-10.80415
-10.39864
-9.51521
-9.247884
-10.21226
-11.89620
-11.99370
-12.33497
-14.12610
-16.00487
-14.27292
-13.62971
-14.48221
-16.00109
-16.68783
-14.90712
-13.31310
-14.11661
-15.51300
-15.93300
-14.21085
-13.95515
-14.97446
-15.48185
-16.01446
-17.92106
-18.45331
-18.21349
-17.83557
-18.54701
-20.2908
-21.07845
-18.92539
-17.44438
-19.18614
-19.09260
-17.93834
-17.22606
-20.04909
-20.2003
-18.24382
-16.89383
-17.29021
-18.41053
-21.86909
-21.8901
-19.57121
-19.60233
-20.86074
-22.51147
-23.65935
-23.63039
-24.78468
-25.09348
-25.89113
-26.52914
-26.5606
-27.86982
-29.06396
-27.80595
-27.91924
-28.32033
-28.69008
-29.23653
-30.09558
-31.8193
-30.72623
-28.45393
-28.61635
-30.39131
-30.05538
-27.61263
-26.93011
-26.49703
-27.2395
-28.07702
-28.36298
-27.62956
-28.00387
-29.48442
-30.45564
-30.10615
-31.27662
-32.28225
-32.62646
-33.96367
-34.87538
-35.46602
-34.26439
-34.98977
-35.83909
-34.65612
-32.75637
-33.56997
-35.24817
-36.60953
-36.23508
-35.74358
-35.01778
-35.7427
-34.03429
-32.35197
-30.87908
-31.66725
-33.35747
-31.22933
-28.76139
-27.51097
-26.42709
-26.26213
-26.88634
-26.62671
-27.7193
-28.38229
-28.1567
-27.13492
-27.55676
-28.19028
-27.99667
-25.86287
-25.14468
-24.55542
-23.60741
-23.22816
-22.00739
-21.04781
-22.29862
-23.93985
-24.29806
-23.94743
-24.51129
-25.70570
-25.81369
-25.44683
-26.55618
-27.51697
-28.77145
-30.05213
-28.20337
-26.62952
-27.27888
-28.30931
-27.77365
-26.45796
-24.84587
-25.70363
-27.62281
-30.55674
-32.44879
-30.58798
-28.67908
-29.30468
-29.86396
-28.17705
-26.86628
-26.68255
-26.35178
-26.88499
-28.56203
-27.80230
-25.69571
-24.58811
-28.01425
-30.64534
-28.68565
-26.14692
-25.99303
-26.00657
-25.77898
-23.55959
-22.29598
-22.12159
-22.40069
-23.85056
-24.51577
-24.16937
-23.13299
-23.96085
-25.62891
-23.79281
-22.66207
-23.52607
-22.97505
-23.58909
-22.15450
-20.74219
-19.95303
-17.60229
-16.36733
-16.54132
-19.79226
-20.4222
-18.2744
-16.52443
-15.85366
-16.08371
-16.52741
-15.71998
-14.47392
-13.31999
-13.05352
-13.49133
-12.50068
-11.37206
-11.57358
-12.13167
-13.05641
-13.5803
-14.47928
-15.45609
-13.15457
-12.07462
-11.50306
-13.50095
-14.47966
-13.38218
-12.44967
-12.29611
-11.85254
-13.28035
-14.81932
-16.26006
-16.69269
-16.74588
-15.83563
-15.91622
-14.70495
-13.61378
-13.16059
-13.77256
-15.37334
-15.41590
-14.12311
-15.31636
-16.05651
-15.86938
-15.87812
-14.84058
-14.98627
-15.69433
-15.99813
-15.64185
-15.68348
-16.88271
-17.04403
-17.25749
-16.53819
-16.35930
-16.85631
-16.83920
-16.96354
-14.92645
-13.87806
-15.24362
-16.25076
-15.88799
-16.46340
-16.32695
-15.66742
-15.33029
-17.11121
-17.58235
-17.16512
-16.87801
-17.31122
-19.20531
-20.55919
-21.09838
-20.2565
-19.57547
-17.94411
-17.63067
-18.72572
-18.79172
-19.20917
-19.80109
-23.22669
-23.99502
-23.94563
-23.62321
-23.42776
-23.80957
-24.19596
-24.22622
-24.66122
-25.51864
-27.31113
-27.70129
-25.41915
-24.07440
-23.86740
-25.49496
-26.48369
-27.80635
-29.04226
-28.19675
-27.28219
-27.70346
-27.68398
-28.17859
-28.14698
-30.26592
-31.52259
-29.88228
-29.29759
-30.99811
-32.79432
-34.30788
-34.81582
-34.56836
-33.64633
-34.18586
-34.5828
-33.81852
-35.32804
-35.86539
-36.35376
-38.08679
-37.91302
-36.73599
-37.75152
-37.07836
-37.57816
-38.69297
-39.3318
-38.95781
-39.71872
-38.523
-37.09173
-35.78822
-35.9628
-36.87974
-35.70122
-34.42866
-34.37244
-34.05321
-33.2078
-33.41924
-33.37163
-32.60034
-35.15124
-36.36229
-35.99372
-32.81754
-31.02021
-30.94665
-32.88425
-34.25793
-32.89052
-31.19197
-31.84214
-32.40551
-30.26698
-29.43802
-29.55718
-30.75567
-29.63491
-29.35567
-28.94881
-29.15998
-29.19842
-30.34188
-31.57338
-31.58221
-31.74789
-31.72844
-31.10544
-31.31716
-31.39782
-30.41280
-32.28536
-32.94004
-32.13014
-30.07201
-28.5223
-27.41009
-30.16259
-31.32549
-30.26849
-28.29045
-27.11965
-27.42556
-30.45685
-32.50123
-31.55207
-31.63060
-32.04274
-33.51706
-34.33609
-34.17859
-32.38935
-32.22873
-30.73763
-29.34107
-29.66495
-30.98543
-32.3275
-31.68284
-31.58112
-32.37289
-32.6579
-31.3269
-30.77481
-33.80203
-36.2446
-34.34375
-33.50734
-32.85502
-31.64180
-31.58482
-32.40041
-33.59972
-33.11919
-32.20501
-33.62485
-34.64686
-34.73732
-34.52578
-34.58848
-35.17520
-35.08822
-34.75157
-34.97404
-36.17702
-36.48025
-36.60524
-36.0004
-36.58142
-37.25259
-37.3371
-35.82137
-33.78969
-34.79272
-36.57321
-36.69284
-36.14379
-37.15124
-37.85485
-38.12372
-36.73149
-33.76695
-32.11838
-33.30825
-34.15567
-34.11537
-34.20363
-35.4098
-35.3229
-35.12830
-35.3869
-36.35929
-36.20685
-35.6083
-33.89329
-33.66378
-34.71978
-34.886
-33.74225
-32.65739
-33.87772
-32.83394
-30.39006
-31.46013
-33.98827
-34.15827
-35.59341
-34.30980
-35.28535
-32.99577
-33.43879
-35.02203
-34.92159
-35.58292
-36.24285
-36.5534
-34.20697
-32.64923
-33.42642
-36.58453
-37.7612
-36.73218
-36.00193
-35.65414
-34.27904
-34.95551
-36.00959
-35.16854
-35.17462
-36.05578
-34.43481
-33.80042
-35.85905
-36.78144
-35.94127
-35.46472
-35.86728
-34.33695
-33.07075
-32.27043
-33.26294
-34.92707
-33.98298
-31.61613
-30.16986
-29.98884
-31.60467
-32.46204
-31.79338
-31.25444
-30.04628
-30.69796
-32.08814
-33.06098
-34.72675
-35.36240
-34.09818
-31.94211
-31.70271
-31.33304
-31.19067
-30.47811
-28.18233
-27.35566
-26.94693
-24.34857
-22.66554
-22.78123
-23.87646
-25.13942
-22.58777
-19.64711
-22.17147
-23.43347
-23.54270
-23.81996
-23.67741
-23.72516
-23.92933
-23.45866
-23.32243
-24.70931
-24.13537
-23.97809
-22.98902
-24.31457
-25.00264
-23.82393
-23.14978
-21.43321
-22.39192
-23.81047
-25.7998
-26.01419
-24.04745
-24.10217
-24.93134
-26.73587
-28.51264
-27.81747
-24.97617
-25.24351
-25.76482
-27.26477
-27.06783
-24.55341
-21.82922
-21.97748
-22.09849
-21.95693
-21.11088
-21.43835
-22.15716
-21.17031
-20.78686
-21.92557
-23.81436
-23.88371
-23.02415
-21.79144
-19.81349
-18.35651
-20.74527
-23.06018
-21.50329
-19.81879
-19.92091
-21.62464
-23.43473
-23.83546
-24.44157
-22.93834
-22.03194
-22.69611
-22.47543
-22.76866
-24.63264
-24.77034
-24.26187
-23.32077
-24.02615
-25.51440
-28.66317
-30.07640
-28.53532
-26.73332
-26.16883
-26.36264
-26.03677
-26.86292
-28.29396
-27.71108
-25.65483
-25.75365
-26.77757
-27.41992
-27.75100
-26.59229
-26.88324
-24.66852
-23.20131
-24.90667
-26.16748
-25.7116
-24.1295
-24.68013
-26.03499
-27.14197
-27.15362
-27.76772
-26.90059
-26.0448
-24.96202
-25.2563
-25.7247
-26.39576
-25.3708
-25.18185
-25.72807
-26.83377
-27.99606
-26.62411
-26.18308
-26.57718
-25.72440
-25.28418
-23.39212
-22.26921
-23.42387
-23.82544
-24.24910
-23.46594
-22.96825
-21.49712
-21.79534
-23.10911
-23.08534
-22.87881
-23.89535
-24.76557
-23.75646
-23.22886
-22.16826
-22.64715
-23.43743
-22.97432
-23.27583
-24.94564
-25.38060
-26.09978
-25.84755
-25.20786
-25.08115
-26.6236
-28.44363
-27.78984
-27.02834
-29.06109
-29.775
-30.91616
-29.62807
-26.43985
-25.01036
-27.1473
-29.53463
-30.47848
-30.50944
-30.30652
-31.58749
-32.85724
-32.93507
-32.07226
-31.42526
-31.39327
-34.17611
-37.28651
-36.55499
-34.31277
-35.05322
-36.80960
-38.65415
-38.12467
-37.37543
-37.16841
-38.19432
-38.61403
-38.3031
-36.36927
-33.86285
-33.76905
-34.39037
-34.14138
-33.59978
-34.66469
-35.23807
-33.33201
-29.93621
-30.15514
-32.31394
-33.10047
-33.45838
-34.2852
-35.16734
-36.36883
-36.78727
-35.45038
-35.88574
-35.39394
-35.76719
-38.36508
-39.72820
-38.45511
-36.24129
-36.32487
-37.76020
-37.97620
-37.75101
-35.81231
-33.93013
-34.81234
-37.0316
-38.02282
-36.71082
-35.12621
-34.52617
-36.83215
-37.31567
-33.99249
-31.48826
-32.31778
-32.74477
-30.81476
-28.41742
-29.34887
-31.34764
-30.62295
-28.98893
-29.38577
-31.76391
-31.23343
-29.21812
-29.44727
-30.26411
-30.10426
-29.98856
-29.64061
-30.76566
-32.33717
-31.7951
-31.13132
-31.59082
-30.30969
-30.84700
-31.30098
-31.18661
-30.35647
-31.58435
-32.48051
-32.56736
-33.69752
-33.21181
-31.70683
-31.64083
-32.88761
-33.07905
-31.79708
-31.61486
-31.20634
-30.91567
-33.50187
-36.32263
-34.86892
-32.97072
-32.33848
-33.8924
-34.68853
-34.09598
-34.07585
-33.50692
-34.7319
-35.59986
-35.35847
-34.88697
-36.01229
-36.82482
-37.45665
-36.47944
-36.19935
-35.64119
-34.82958
-36.39355
-38.10604
-36.49258
-34.60461
-31.47689
-30.99916
-31.80358
-32.3492
-32.76380
-31.5329
-31.9383
-31.69802
-30.7693
-31.68911
-31.42532
-31.76227
-33.46891
-34.20923
-32.05408
-29.77185
-30.71949
-32.69068
-32.07728
-30.96386
-30.03531
-29.18476
-30.12625
-31.34980
-31.9439
-33.24520
-33.08057
-31.37582
-30.18847
-30.78852
-31.06446
-31.67479
-32.35424
-30.23257
-29.53455
-30.02799
-30.80593
-31.22708
-31.11052
-30.40408
-30.82849
-31.79307
-31.89856
-32.67221
-33.22047
-33.33776
-32.17795
-33.48943
-35.71188
-37.67222
-38.65143
-39.18306
-39.24816
-38.14665
-39.15276
-39.38785
-39.83033
-38.90076
-38.20296
-37.5915
-38.9389
-40.70441
-40.80036
-40.23045
-38.23001
-38.42555
-40.91008
-40.53391
-38.00909
-39.37889
-39.08429
-35.86427
-35.86967
-39.95534
-40.22009
-39.1092
-39.55492
-41.10972
-41.91019
-41.59724
-39.09328
-37.52083
-38.57557
-38.0546
-38.22859
-38.57392
-38.13952
-36.9622
-37.35095
-38.7218
-40.70885
-40.44521
-39.61569
-40.37529
-41.50745
-41.8236
-41.17299
-39.81420
-39.66455
-40.17285
-42.57206
-41.33656
-41.00588
-41.86184
-43.95236
-44.66158
-45.11751
-44.03285
-42.71206
-42.32835
-43.3127
-42.85724
-42.53511
-43.9489
-44.11254
-41.92482
-41.18001
-41.6065
-44.09769
-45.27524
-42.93219
-41.86351
-43.07244
-44.29494
-44.56691
-44.52301
-43.74107
-44.60304
-45.7118
-45.15065
-41.98612
-41.41397
-42.11358
-44.08469
-44.26625
-44.04776
-45.70029
-48.08866
-46.80784
-45.20811
-46.42162
-48.81894
-48.97936
-47.79093
-47.84332
-47.65826
-47.98452
-49.10392
-50.58045
-51.67199
-48.90921
-48.09278
-50.83686
-52.45762
-50.96289
-50.25736
-50.44494
-50.57201
-51.46582
-52.38699
-53.28807
-54.1221
-54.31293
-51.48616
-49.85372
-50.86342
-51.70463
-51.57999
-53.27891
-53.22096
-51.51028
-51.43595
-51.07181
-51.49899
-52.08754
-52.06641
-51.83557
-51.29149
-50.31119
-49.8823
-50.60384
-50.70424
-51.02968
-52.18347
-52.66177
-52.44577
-52.78027
-54.89239
-55.56937
-54.3391
-54.1387
-55.13169
-55.02273
-53.39214
-53.12351
-54.67758
-54.37463
-53.12156
-52.88277
-52.59586
-54.07485
-56.57357
-57.21737
-54.64292
-52.53372
-53.55587
-57.45892
-58.33844
-56.52014
-55.53245
-56.32089
-57.89598
-57.17682
-56.80794
-57.35594
-57.42556
-56.38352
-55.83667
-57.44014
-61.3957
-62.97036
-62.4098
-60.64518
-61.03154
-61.07988
-62.48828
-63.35588
-63.50566
-63.01032
-62.2155
-61.83595
-62.27187
-63.13251
-63.77959
-63.74634
-61.24318
-59.2598
-58.90176
-60.37951
-60.04228
-59.54259
-58.39493
-58.87886
-60.3936
-61.53063
-61.77961
-61.41825
-59.61332
-57.90626
-58.55653
-60.29841
-61.9877
-63.65264
-63.43783
-62.21362
-62.94604
-62.15253
-61.77618
-62.50589
-63.29417
-63.3757
-63.64183
-63.17894
-62.2806
-60.5648
-60.72293
-62.59671
-62.25929
-60.31354
-59.06182
-58.49146
-58.64179
-59.47404
-59.14748
-57.44116
-56.84757
-58.25243
-61.6405
-61.43854
-60.29977
-60.16581
-59.86261
-59.71986
-58.77493
-60.09475
-61.90818
-62.12228
-60.71184
-58.80225
-57.60594
-59.21504
-60.44831
-60.95051
-60.32878
-60.19237
-60.56463
-61.00018
-62.30237
-60.7483
-60.4054
-60.79142
-61.05017
-61.2783
-61.46058
-61.34005
-59.46783
-58.20235
-57.48854
-56.24417
-55.83896
-56.54443
-56.53976
-56.45839
-57.56203
-58.81504
-58.58006
-58.38938
-57.91534
-57.49167
-57.80905
-57.8603
-56.3924
-56.52492
-58.39939
-58.87758
-58.95537
-59.83198
-61.62935
-60.36714
-59.77402
-60.07793
-60.04296
-59.0563
-58.372
-56.85654
-58.39204
-59.06091
-58.25066
-57.59632
-57.96598
-58.22339
-57.11283
-54.63895
-54.61524
-55.63739
-56.06176
-55.49516
-56.13923
-54.97103
-54.57275
-54.6092
-53.75726
-53.2887
-54.27215
-54.32465
-53.51296
-53.9335
-54.01993
-53.58336
-53.60662
-54.32136
-52.87246
-51.56344
-52.72654
-53.85773
-54.13178
-55.88933
-56.22414
-54.73804
-55.14449
-57.10455
-59.06348
-57.83629
-57.5967
-58.14585
-57.95225
-58.34002
-58.05431
-56.99794
-56.28235
-55.52241
-56.66188
-58.81813
-58.89107
-55.85675
-54.78723
-54.28814
-54.73096
-54.64931
-55.24331
-55.80635
-56.10063
-55.37882
-55.4804
-57.85957
-58.88095
-57.862
-56.76709
-59.65374
-63.58494
-65.7465
-65.52437
-65.41962
-64.78172
-64.64489
-62.77027
-61.40146
-62.47259
-64.08815
-65.67866
-64.90355
-64.06333
-64.76268
-65.64407
-65.04607
-64.33904
-64.59266
-64.03655
-63.98932
-63.38413
-63.07751
-61.95953
-60.8035
-59.77734
-59.64225
-60.63749
-60.38808
-61.53676
-63.25311
-62.88605
-62.93151
-64.15955
-62.81336
-62.88296
-65.25647
-65.92286
-65.10768
-64.11406
-64.58201
-63.77106
-61.11385
-60.22692
-59.44357
-59.30794
-59.80566
-59.05059
-58.25149
-59.62621
-61.35437
-62.81314
-62.41743
-58.76097
-56.85465
-58.23964
-59.34144
-58.33968
-59.30651
-59.83917
-60.183
-60.84646
-60.55989
-61.2552
-61.7575
-60.90314
-61.10113
-63.06544
-65.64498
-65.90808
-64.52532
-63.84077
-65.58947
-66.80842
-67.03188
-67.0016
-65.72617
-64.77354
-64.66149
-65.12425
-66.85837
-68.44666
-68.70642
-68.45837
-66.16043
-65.9184
-67.04689
-66.42056
-65.57986
-65.46829
-65.57488
-66.14539
-66.18856
-66.72615
-65.62903
-64.1973
-64.57433
-65.47003
-66.80583
-67.70673
-66.88162
-64.11185
-63.45611
-65.73799
-67.33211
-67.04269
-67.3115
-67.73051
-69.55829
-71.80714
-71.79479
-71.97171
-71.17502
-72.20727
-73.03457
-72.00124
-71.67253
-71.515
-71.15582
-70.39823
-69.80189
-69.48925
-70.07573
-71.38894
-69.82764
-70.18563
-71.65626
-73.16558
-74.57007
-74.89778
-72.59689
-72.15001
-73.86608
-73.68031
-73.98476
-74.23412
-73.02707
-74.14531
-74.13958
-71.8217
-70.62232
-71.3025
-70.66598
-68.10784
-67.25016
-68.26872
-69.05596
-69.88327
-70.1561
-70.28764
-70.91767
-72.18482
-71.20691
-70.4289
-71.7381
-72.43055
-72.0735
-71.47542
-71.23212
-73.67449
-74.86065
-74.62638
-75.18829
-74.44746
-73.69692
-74.84213
-76.59148
-76.91653
-76.03894
-76.31988
-77.09755
-76.47573
-73.33027
-74.23807
-76.1525
-77.42853
-76.07993
-75.12723
-76.3757
-76.35042
-75.71471
-76.19899
-77.25154
-77.78832
-78.18314
-77.59919
-76.98304
-77.78226
-78.8745
-79.40785
-78.27771
-79.66481
-81.49348
-83.02774
-83.62917
-83.72522
-80.60916
-79.64807
-79.87839
-81.21423
-79.5819
-79.004
-79.97128
-80.71487
-80.89035
-81.29503
-81.92663
-82.39828
-82.00333
-82.41235
-81.34937
-81.58953
-82.41386
-82.79309
-81.25268
-80.05678
-79.7357
-82.9486
-83.85408
-82.66739
-81.17858
-81.80034
-83.65125
-85.14837
-84.46122
-83.90766
-83.37332
-84.09691
-84.46253
-85.26879
-84.72997
-82.6385
-83.00582
-85.235
-85.62501
-83.7228
-82.97523
-82.764
-82.09695
-82.08608
-83.68195
-84.24781
-84.44087
-84.65184
-85.2486
-87.48852
-87.85501
-85.7986
-83.80767
-82.49999
-82.86865
-83.47394
-83.8444
-86.9937
-88.66149
-88.01068
-84.95164
-83.27656
-84.67006
-87.20386
-88.34066
-86.37088
-84.649
-85.0619
-85.55755
-86.30988
-87.05786
-87.57791
-88.46477
-86.95704
-83.06072
-83.50789
-84.64461
-84.73526
-82.25886
-82.21487
-84.25683
-85.01703
-84.50876
-84.73
-84.8698
-85.39309
-85.83546
-84.66636
-82.67687
-81.5791
-82.34402
-83.33039
-85.31375
-86.25852
-86.0405
-85.03544
-85.83575
-87.37995
-88.67248
-89.89415
-89.91615
-89.13914
-88.91278
-88.34044
-87.70115
-89.0354
-90.79066
-90.67687
-89.55246
-90.74867
-93.64973
-93.55998
-93.9148
-94.16092
-95.62292
-97.59716
-98.12467
-97.26166
-96.52465
-98.53768
-99.31524
-97.65498
-97.02865
-97.3654
-99.06245
-100.6395
-99.0458
-96.45806
-96.01308
-98.75217
-100.5835
-100.4316
-99.143
-97.31918
-95.75706
-96.51782
-96.81201
-96.68768
-97.35969
-98.93246
-98.5767
-97.16864
-96.999
-98.37693
-99.34343
-98.8828
-98.58338
-97.99475
-98.5874
-99.23888
-97.85995
-97.10092
-100.1588
-104.664
-104.4408
-102.2230
-102.2162
-101.987
-100.4076
-98.04823
-99.18288
-101.2605
-101.0028
-98.70023
-99.44314
-99.55547
-99.15512
-98.41062
-99.82957
-101.1316
-101.6281
-100.7672
-99.31573
-101.0387
-101.7998
-101.8631
-101.6094
-101.7968
-101.6923
-99.61761
-98.40578
-99.17595
-99.49133
-99.12256
-99.2548
-98.86019
-99.10546
-99.308
-97.65073
-98.5703
-101.7618
-102.3303
-99.52252
-98.80352
-100.9686
-102.5743
-100.0760
-99.0925
-100.1141
-100.9840
-102.5669
-103.1279
-101.6906
-101.2017
-101.7463
-103.1227
-105.3129
-105.6933
-104.7070
-104.5615
-106.1159
-106.9514
-107.6583
-107.2707
-107.5933
-107.9809
-107.6142
-107.6696
-107.9623
-108.5229
-108.9916
-111.0102
-113.3015
-112.4807
-111.4815
-110.7496
-112.1003
-113.6302
-112.2819
-110.5873
-109.2724
-110.2016
-112.4331
-112.8344
-112.1641
-111.7795
-111.1009
-110.7206
-110.7426
-110.4534
-109.3377
-109.6978
-110.2183
-109.5347
-109.4663
-110.0382
-109.7878
-109.3235
-110.7699
-110.4006
-109.5013
-108.5765
-109.1473
-109.9257
-112.1064
-111.2340
-109.8531
-108.2168
-110.0015
-111.7903
-111.9309
-109.1598
-108.0739
-110.4789
-113.7861
-114.3501
-113.5288
-112.6768
-113.5547
-113.9681
-112.7689
-112.5380
-112.5598
-112.6446
-113.6979
-114.4934
-113.7186
-113.8160
-114.2436
-114.0932
-111.7272
-111.1269
-112.4067
-114.9895
-116.2109
-116.5088
-117.4140
-116.6299
-115.8487
-116.4786
-118.6739
-118.3302
-117.0151
-116.1758
-119.2743
-122.1953
-122.8131
-121.0405
-121.5017
-123.5009
-122.519
-120.5072
-118.3604
-118.4825
-122.1710
-122.8157
-118.4967
-116.7979
-119.5448
-120.3675
-119.0894
-117.0230
-116.5021
-117.5880
-118.2021
-119.2731
-120.4858
-120.2493
-118.8814
-117.8664
-119.4132
-121.5917
-120.6881
-118.7728
-118.9081
-119.3898
-118.7204
-117.5366
-116.1445
-116.4735
-118.2196
-117.9589
-116.6871
-115.9954
-115.5229
-113.4564
-111.8209
-110.3489
-108.6382
-109.3304
-110.3212
-109.2902
-108.0756
-109.2382
-110.4244
-109.0378
-107.6959
-107.6293
-110.3931
-110.8548
-111.8357
-111.6467
-111.7164
-113.8865
-114.6156
-114.0629
-112.5817
-111.7235
-113.1471
-113.4587
-113.4894
-112.7063
-113.6865
-116.3102
-116.7548
-114.3013
-113.3280
-114.1334
-115.5103
-116.6278
-114.9091
-113.2213
-113.9218
-115.2122
-114.2174
-112.7194
-112.6762
-112.4395
-111.9358
-110.6798
-109.3373
-108.9308
-108.1911
-107.0593
-107.3518
-108.0525
-106.7382
-104.4325
-103.086
-103.2335
-103.58
-103.3631
-103.9502
-105.8007
-106.4458
-105.0267
-102.3224
-101.3415
-102.0063
-102.1357
-100.5771
-100.1705
-98.74375
-99.13585
-99.4059
-98.80508
-98.88238
-99.47315
-99.412
-98.06106
-98.07863
-99.8221
-101.0195
-99.22146
-97.90252
-100.3089
-101.7761
-102.6879
-102.2668
-103.5856
-104.0204
-102.9142
-101.4874
-100.0411
-99.41691
-99.56823
-99.96245
-101.2120
-101.0664
-101.0676
-99.9609
-98.9711
-97.84248
-97.99026
-97.02338
-97.03895
-98.19131
-98.756
-99.3586
-98.41642
-97.92718
-99.13034
-98.69278
-95.91055
-94.59982
-94.95978
-97.06764
-96.4166
-93.60882
-92.3012
-94.08557
-94.8111
-93.8301
-92.32874
-91.44269
-91.37238
-90.41225
-89.85213
-89.51546
-89.72322
-91.16725
-93.66603
-94.14981
-92.93796
-93.51122
-92.67188
-91.89699
-93.07343
-93.18666
-91.55046
-93.12547
-95.19993
-94.50218
-92.79106
-93.97488
-95.13868
-93.62547
-91.49583
-91.48056
-93.65991
-96.61811
-95.58512
-93.74083
-96.27382
-98.2966
-98.45653
-97.4691
-98.01942
-99.07653
-98.33368
-98.55363
-98.53436
-99.59365
-100.0353
-98.07858
-97.60891
-99.43958
-99.95823
-97.50179
-97.52249
-99.64488
-99.94528
-98.71775
-97.82644
-97.57944
-97.60972
-97.66216
-96.16202
-94.38741
-94.94015
-95.2631
-95.19558
-93.49127
-93.16937
-93.99201
-94.56404
-94.89918
-97.38378
-96.89543
-94.4944
-93.86335
-94.7533
-95.88712
-94.47827
-93.6603
-94.66625
-97.01565
-98.15788
-96.11475
-95.23477
-95.81936
-95.20173
-92.3837
-93.60534
-97.38238
-98.96726
-98.02668
-97.9119
-97.89884
-98.60216
-98.01919
-96.52953
-96.8289
-97.17186
-97.0177
-96.64627
-97.56519
-97.19173
-96.60299
-96.20486
-95.09348
-95.95196
-96.074
-97.59628
-98.5626
-98.14796
-97.65214
-97.52334
-96.29888
-96.9416
-97.72796
-98.68189
-97.8457
-96.13682
-94.36522
-95.46474
-96.13826
-95.27944
-96.21763
-99.66019
-101.4915
-101.3448
-100.1882
-101.6190
-102.7993
-103.8120
-104.4305
-104.7486
-105.5026
-105.3894
-105.2344
-103.9398
-104.0485
-104.9864
-104.6707
-104.4478
-103.5971
-104.2086
-104.8514
-104.0477
-103.7298
-103.2390
-102.0236
-101.6469
-101.3055
-105.0622
-106.3500
-105.9059
-105.6693
-106.0871
-106.7434
-105.9770
-106.3013
-107.0473
-106.9382
-104.4188
-102.1455
-103.2123
-103.9774
-103.891
-104.4218
-103.4396
-102.6137
-102.6547
-102.5586
-102.8125
-101.1442
-100.5927
-102.5513
-103.7199
-101.8988
-101.2801
-102.4573
-103.2644
-100.2228
-99.3371
-101.5009
-102.4228
-102.3327
-101.3820
-102.2826
-102.5707
-101.8533
-101.9390
-101.2034
-101.6244
-102.4763
-103.5011
-104.6022
-104.8807
-104.7679
-104.6269
-103.2768
-100.5962
-99.51284
-101.5673
-103.6379
-103.8959
-103.9951
-105.2355
-103.4387
-102.2806
-103.3498
-104.8248
-106.2973
-105.4307
-103.8767
-103.8894
-104.3860
-103.4770
-103.4613
-104.4498
-103.9382
-100.1921
-99.7471
-100.5627
-99.85204
-99.69106
-100.3695
-100.1700
-99.33507
-98.19687
-99.03888
-100.0379
-99.1267
-97.82499
-97.29172
-96.7791
-95.8568
-94.41085
-94.07675
-94.95047
-94.81516
-93.97973
-93.68852
-93.50737
-91.82457
-91.18258
-90.63909
-91.712
-91.3388
-90.00974
-90.22577
-91.44073
-92.71119
-93.0949
-92.00924
-90.11512
-90.1231
-89.914
-87.74554
-86.409
-86.8804
-87.08512
-88.02658
-87.44944
-86.00197
-84.28334
-84.61003
-87.91988
-89.9752
-88.03715
-86.19663
-84.48526
-83.65724
-83.0732
-83.3633
-82.90707
-81.69546
-82.11744
-84.53544
-86.32417
-86.22393
-86.27329
-86.42534
-86.11685
-86.60921
-86.54244
-87.43719
-87.34066
-86.6506
-85.12762
-84.94855
-86.16524
-84.67384
-84.17389
-83.88481
-84.51581
-84.28494
-83.41644
-84.51747
-86.02248
-84.71522
-84.04069
-85.31484
-85.6626
-87.83336
-89.59197
-88.57137
-87.71037
-87.6782
-88.51565
-89.6027
-91.38937
-92.2108
-92.55982
-93.1217
-93.78706
-92.85992
-92.13389
-93.19324
-94.63579
-95.66453
-95.88035
-95.25585
-94.16343
-96.46439
-97.34042
-97.4966
-96.31496
-96.2422
-97.43562
-96.97786
-96.8036
-95.03926
-93.51098
-94.61115
-97.04752
-97.13547
-96.60813
-94.77167
-95.78014
-97.77402
-97.02017
-97.61559
-98.6208
-98.72198
-99.87045
-98.90362
-98.13625
-100.0464
-100.1700
-100.0219
-98.84128
-97.73719
-97.63462
-98.5146
-99.10876
-99.48647
-101.2114
-101.3372
-98.00952
-98.05321
-100.4038
-102.0329
-99.20117
-97.43894
-96.74259
-96.8786
-97.69918
-97.10463
-97.93162
-98.64752
-99.62785
-99.8057
-98.48179
-96.72287
-97.79881
-99.56827
-99.6388
-100.4330
-103.9697
-105.0614
-104.6598
-104.1818
-103.9906
-103.5094
-103.9203
-106.0923
-107.1197
-106.7345
-104.9227
-103.6094
-103.1656
-101.4109
-101.2552
-100.1736
-98.98877
-99.89329
-100.4170
-100.1222
-99.4559
-98.76017
-99.68154
-101.0919
-103.3676
-103.1126
-104.269
-103.9520
-103.7700
-103.2271
-104.3211
-105.3478
-105.8844
-104.2358
-103.0697
-104.1867
-106.2557
-106.2714
-106.2809
-103.7868
-103.4430
-105.5742
-105.9537
-104.7014
-103.8548
-105.1022
-105.5128
-105.0664
-104.2506
-104.2962
-104.7282
-105.4144
-106.4856
-106.7636
-106.2041
-105.8163
-104.9002
-104.4883
-104.4262
-104.6949
-102.9667
-102.8981
-104.6745
-103.7599
-102.0126
-102.0842
-101.0278
-100.5983
-101.1519
-102.7327
-102.1151
-102.6269
-102.604
-99.53034
-98.6507
-101.3324
-103.4987
-103.5204
-102.5603
-101.9694
-100.9313
-101.6672
-102.2833
-103.5752
-104.7424
-103.3743
-102.5108
-104.1809
-106.2955
-107.4748
-107.2539
-107.4795
-107.3220
-105.9923
-105.0122
-105.8461
-107.9664
-108.3483
-107.5556
-105.7199
-105.5348
-105.8102
-107.6498
-108.1263
-106.6703
-106.1324
-107.6840
-108.4111
-107.5419
-108.0049
-108.6859
-110.0828
-110.8775
-110.2420
-109.6576
-109.8642
-110.6651
-111.4589
-111.0376
-109.4981
-109.3635
-110.3496
-110.6996
-111.0399
-110.4942
-110.5657
-110.4907
-112.6194
-113.6024
-111.6039
-110.0957
-109.2852
-108.9635
-108.4085
-106.5240
-104.6800
-104.8789
-105.3259
-104.6203
-105.7898
-105.9905
-105.0569
-103.6544
-102.5418
-101.3989
-102.5929
-104.045
-103.7531
-104.4155
-107.0766
-108.0104
-107.3712
-105.0865
-105.0595
-107.1258
-107.8566
-107.9047
-107.8853
-106.1902
-105.9303
-106.5515
-107.6182
-107.9637
-106.7585
-105.8932
-105.9162
-108.0279
-108.0915
-107.2395
-108.3725
-110.3309
-110.6097
-111.7380
-111.3479
-110.8609
-111.8037
-113.5644
-112.7828
-111.8558
-112.7226
-111.689
-110.8094
-111.4254
-111.4339
-110.8945
-111.9399
-113.2454
-114.5444
-113.8543
-112.455
-113.8095
-114.6685
-115.9497
-118.6430
-118.8280
-119.4612
-120.3802
-121.9562
-122.0098
-120.9027
-120.9266
-122.021
-122.7433
-123.7624
-122.2890
-121.7084
-120.4493
-120.5296
-120.8872
-121.6619
-122.8785
-121.3118
-120.3176
-121.1502
-120.9902
-119.7548
-119.8099
-120.3996
-120.6745
-120.2664
-119.5855
-118.6032
-120.2138
-120.4779
-118.7336
-117.4394
-117.9343
-118.2332
-118.2433
-120.4473
-122.3208
-121.8741
-119.3327
-118.1190
-118.7655
-121.6305
-123.6978
-125.0014
-124.7783
-121.7075
-120.3241
-121.2654
-122.2554
-122.1951
-121.0110
-120.2008
-121.2757
-121.5087
-121.9369
-122.1784
-123.2737
-124.0101
-124.5429
-123.4655
-122.1166
-121.9289
-124.1432
-124.1915
-123.2826
-123.3723
-124.0507
-124.6550
-124.0256
-124.5656
-125.8431
-126.7394
-127.7823
-127.5821
-128.6982
-129.4946
-127.9532
-126.1171
-125.1969
-127.5211
-130.0070
-129.4281
-129.2811
-127.6967
-128.1607
-130.2712
-130.4093
-130.3266
-129.2264
-128.3082
-128.3371
-128.9875
-129.2614
-128.6680
-128.3986
-129.0463
-129.7171
-128.5399
-128.2851
-128.5452
-130.5856
-130.4990
-128.5585
-128.0465
-127.9646
-126.9790
-125.8252
-126.8253
-128.8753
-130.3206
-129.1116
-126.0635
-124.4893
-126.9304
-129.0774
-128.6015
-125.4327
-124.7399
-125.7085
-127.079
-125.8207
-124.6726
-124.2269
-124.0483
-125.1925
-125.4889
-126.3233
-128.0105
-128.2550
-128.6486
-127.5594
-128.6188
-129.1478
-130.3114
-132.4054
-132.3777
-133.0481
-133.2175
-133.6998
-134.5317
-134.2361
-132.5411
-131.2154
-130.8029
-131.2184
-133.2856
-133.3427
-130.8391
-129.6932
-132.1122
-134.5927
-134.5158
-134.4023
-134.2500
-132.7917
-131.3992
-132.1708
-132.9175
-134.0598
-134.0462
-134.4688
-136.2334
-136.4727
-134.6246
-133.8054
-133.6068
-134.4418
-133.1644
-131.6083
-131.6093
-132.1073
-133.9719
-134.9855
-133.1373
-132.8176
-133.3074
-134.2849
-135.0193
-134.2143
-134.7679
-135.9891
-135.1471
-134.6737
-134.3070
-134.5232
-134.9514
-135.1532
-134.3380
-132.5233
-132.2123
-132.7743
-134.732
-134.5926
-134.2078
-134.3829
-134.5717
-134.805
-133.9870
-135.0896
-136.0838
-134.8571
-133.218
-132.6246
-133.8016
-134.5978
-134.8909
-135.6863
-135.8317
-135.2447
-134.8942
-136.2086
-136.0875
-136.1238
-136.8152
-136.5440
-135.0738
-134.7813
-136.4409
-137.6466
-137.6172
-137.1868
-136.6997
-134.5934
-133.9437
-132.6510
-132.9464
-133.8332
-133.2707
-130.3487
-128.9357
-129.9950
-130.8201
-129.9195
-128.9926
-130.4114
-133.5005
-132.7028
-132.2535
-132.5304
-134.0071
-132.2954
-130.2313
-129.0447
-130.0491
-131.6477
-132.2356
-131.7109
-132.0018
-132.4082
-131.2634
-129.0388
-128.2542
-128.9953
-128.0155
-126.4035
-126.2005
-126.1477
-123.9361
-124.7603
-125.1443
-126.2030
-127.1131
-126.4501
-125.6241
-123.6357
-123.6269
-125.4221
-125.2669
-124.4655
-124.2544
-123.8855
-122.6625
-121.5335
-121.6592
-120.7954
-119.4350
-119.7476
-118.6380
-118.786
-120.6913
-121.6207
-121.0362
-122.3350
-123.8046
-122.4624
-121.7186
-122.7347
-122.9860
-121.8854
-122.3827
-123.7639
-123.2560
-123.2662
-123.9199
-123.9384
-122.9594
-122.8960
-122.9084
-123.1504
-123.202
-124.9175
-126.8854
-126.4257
-124.0970
-125.4615
-126.5738
-125.5735
-125.4809
-124.3074
-124.2969
-124.3196
-125.4006
-126.1694
-126.5018
-124.5785
-123.8258
-124.7837
-125.9124
-125.0367
-123.8561
-124.3850
-127.8201
-130.6413
-130.2618
-128.4455
-128.2007
-128.1940
-129.4698
-131.0147
-130.5780
-129.3183
-127.3388
-127.5743
-129.0584
-130.0155
-128.4160
-126.6443
-127.9695
-129.571
-129.3168
-129.5213
-130.624
-131.1542
-130.4029
-129.9215
-130.5688
-131.0035
-131.5738
-131.0559
-129.1669
-127.5909
-128.0377
-128.4131
-127.1631
-127.3671
-128.5579
-129.4948
-127.5277
-124.6097
-124.2974
-124.8010
-125.9967
-124.9221
-125.6254
-129.1249
-129.8418
-128.3021
-127.7141
-129.1098
-131.0490
-131.3884
-130.6986
-129.5464
-130.0908
-130.6409
-129.2467
-128.8262
-127.0433
-126.4969
-126.8352
-127.5026
-127.6107
-127.5298
-128.2339
-128.5526
-128.6655
-128.2701
-129.0470
-128.0848
-127.5037
-126.2180
-126.6056
-128.5990
-129.4780
-127.6006
-126.5811
-128.4641
-128.4486
-127.755
-126.1039
-126.1247
-128.2346
-129.3189
-129.2376
-127.6232
-128.4909
-128.2939
-127.9144
-130.3829
-133.1708
-134.9504
-134.2567
-133.3824
-132.6342
-132.8818
-133.9683
-135.9779
-136.7811
-134.6693
-133.4951
-134.3731
-136.1905
-137.8455
-137.7657
-135.8217
-136.3588
-139.1584
-140.187
-139.3775
-137.3550
-137.8947
-138.6681
-138.5127
-137.3444
-137.1012
-138.0595
-139.7373
-141.8824
-142.6720
-141.3863
-139.9358
-138.4089
-140.036
-141.8015
-139.3407
-137.8541
-137.2497
-139.3498
-140.8480
-140.7406
-139.2371
-138.6016
-140.0352
-140.7990
-140.3062
-138.8561
-138.4345
-139.1296
-139.4046
-137.1166
-135.5347
-137.1527
-138.1621
-136.8796
-137.7459
-137.5298
-136.2033
-137.7349
-139.8771
-138.5285
-137.1104
-136.7223
-138.2139
-138.6033
-138.7457
-140.2141
-141.6155
-140.0458
-138.3713
-138.6590
-139.5333
-141.1986
-142.3061
-140.0985
-138.7826
-139.5501
-138.6109
-137.9567
-137.2309
-134.4951
-133.9335
-134.4160
-134.4090
-132.0578
-130.9090
-131.5818
-132.1248
-131.0268
-129.4247
-129.7110
-130.8457
-131.2949
-130.2782
-128.2354
-128.3373
-129.9184
-131.0458
-129.1669
-128.9568
-130.1869
-129.7973
-128.0747
-126.492
-128.4208
-130.3959
-129.1380
-127.2571
-126.9430
-125.2792
-123.8041
-123.0627
-123.4226
-124.8081
-125.2242
-125.5075
-126.3145
-127.67
-126.6852
-124.9933
-127.4088
-131.0301
-129.4376
-125.4262
-124.1111
-124.8423
-126.7183
-127.5439
-125.4487
-123.4960
-124.5126
-127.0117
-127.6245
-125.2270
-123.4545
-124.0519
-124.4269
-124.6074
-123.2412
-122.7215
-124.1559
-125.1231
-125.4046
-126.5276
-128.0669
-129.8498
-129.2086
-128.1510
-129.0225
-129.6900
-129.3191
-128.8695
-128.6073
-126.1414
-125.5724
-125.8333
-127.1254
-127.4987
-124.7131
-123.9309
-123.6857
-124.4223
-123.9463
-123.9191
-123.4092
-122.9076
-122.4235
-123.1273
-124.1594
-123.7395
-122.1078
-121.4853
-122.6565
-122.6644
-123.1757
-122.0996
-121.3379
-121.8231
-121.9903
-123.0212
-122.5132
-122.7954
-121.8297
-121.3742
-122.4603
-122.0426
-119.9955
-119.8847
-122.6393
-123.1554
-122.5018
-122.2377
-122.7662
-124.8353
-126.7483
-126.6885
-125.4398
-125.0901
-125.4096
-126.4591
-127.4416
-126.01
-124.6108
-125.7707
-126.3043
-125.5951
-126.0462
-128.2872
-128.8465
-127.7060
-126.3880
-127.0933
-128.2843
-127.7080
-126.1797
-127.4159
-127.9793
-127.8867
-128.5831
-130.3531
-131.7406
-131.2539
-129.8077
-128.7492
-129.5371
-129.1547
-127.9202
-126.8375
-126.6667
-127.6820
-127.5796
-127.7092
-129.2443
-127.9856
-126.8741
-126.8289
-126.8095
-127.3024
-128.9256
-130.1517
-129.4518
-129.3319
-128.8287
-128.7264
-128.7933
-129.4298
-129.3486
-128.0573
-128.2389
-129.5014
-130.0217
-128.9401
-128.0109
-128.8467
-129.0418
-129.8473
-129.5098
-128.4798
-129.9000
-129.8166
-129.2964
-128.9276
-125.5273
-124.1501
-124.3653
-123.1608
-124.0368
-125.7776
-127.2744
-127.9924
-128.4822
-127.5977
-126.5576
-126.6156
-125.5964
-124.1935
-124.1559
-123.2578
-123.0452
-122.5042
-122.8841
-121.7065
-121.9124
-121.5776
-121.6855
-119.6273
-118.5939
-119.5395
-120.8952
-120.7449
-120.8678
-121.2131
-121.6597
-122.8387
-124.8648
-126.5657
-126.7601
-127.566
-128.9198
-129.0828
-129.4381
-130.3772
-129.2499
-129.4564
-128.5401
-126.8890
-125.1245
-125.6111
-125.9689
-125.1535
-125.2019
-124.9518
-123.7731
-123.7245
-124.5666
-125.5703
-124.6223
-124.2825
-122.8243
-123.2045
-123.7593
-123.5377
-122.3383
-123.6377
-125.7722
-126.2673
-126.8073
-125.5678
-124.9307
-124.7791
-124.2853
-124.763
-126.3313
-128.1259
-128.6275
-127.7733
-127.5792
-127.2948
-125.4015
-125.0298
-123.9531
-123.9167
-124.5197
-124.5105
-125.0603
-124.7509
-123.8046
-122.8959
-122.9135
-124.3024
-125.1678
-123.8287
-122.6603
-122.1906
-123.4580
-124.5842
-123.3918
-121.1429
-119.1063
-119.9118
-122.5989
-122.0997
-122.0225
-122.9477
-123.7385
-123.2719
-123.8014
-124.3107
-124.1838
-123.7700
-124.4943
-125.2222
-125.8417
-125.365
-127.0584
-129.4799
-129.5941
-127.8681
-127.2654
-129.8180
-131.1990
-128.4497
-125.3988
-125.1320
-125.8468
-126.3893
-124.919
-122.7443
-124.3755
-126.8793
-128.1214
-127.2136
-126.5195
-126.8680
-125.8963
-125.7201
-126.5650
-126.9531
-126.6315
-127.1230
-127.3737
-126.7499
-128.0301
-129.0340
-129.6906
-128.6815
-126.8165
-126.7864
-128.5539
-128.0789
-127.904
-127.3265
-127.9901
-129.9606
-130.9180
-129.6467
-129.6033
-130.6515
-130.5769
-129.2164
-128.6832
-128.8857
-128.5391
-129.5043
-129.6821
-130.7141
-130.5421
-130.4180
-130.8604
-131.2326
-132.0792
-132.0867
-131.2263
-131.4878
-131.22
-130.0535
-129.5834
-129.3668
-130.2106
-131.0359
-130.1853
-129.0096
-130.7358
-132.8108
-132.2682
-131.0167
-131.8698
-132.3044
-130.3672
-129.3269
-130.4168
-132.6381
-133.1727
-130.6939
-128.5288
-129.2125
-130.6455
-130.8160
-130.3961
-129.3769
-130.0565
-132.2859
-133.1888
-132.6862
-132.7365
-133.1673
-134.5602
-135.0799
-135.3729
-136.1037
-137.4784
-138.0642
-139.2557
-139.5208
-140.3252
-140.8781
-139.6672
-137.3901
-136.2940
-137.8448
-140.5994
-141.0568
-139.2390
-136.9722
-137.8126
-137.7033
-136.2620
-135.3435
-136.4433
-138.4832
-140.1532
-139.3435
-140.0535
-139.4007
-138.7027
-137.8085
-138.1398
-138.8027
-140.6864
-140.4818
-140.3503
-138.9792
-139.6742
-140.4234
-141.1408
-141.7983
-141.5250
-141.6749
-141.5233
-142.05
-142.924
-143.1064
-143.0312
-144.1470
-146.0976
-146.9353
-145.0368
-144.2708
-143.8900
-144.7780
-144.4688
-144.8069
-145.8237
-144.4594
-144.089
-142.4890
-142.6912
-143.4916
-144.8986
-144.3925
-143.6063
-143.2558
-143.2871
-142.6663
-142.1081
-142.7258
-143.0192
-142.8001
-142.8906
-144.6707
-144.6927
-142.8963
-143.7708
-145.227
-146.7343
-146.2632
-146.2189
-147.3032
-148.1170
-148.8878
-149.1125
-149.3036
-148.6610
-148.7079
-146.9713
-146.271
-148.4357
-149.1731
-149.1140
-148.0394
-149.3412
-149.0901
-147.1771
-147.2239
-148.3621
-148.3013
-147.1026
-146.7741
-146.9244
-148.5657
-149.304
-149.7959
-148.2087
-147.5578
-149.1797
-148.7973
-149.8095
-151.2275
-152.2176
-152.8077
-150.8100
-148.7166
-149.6644
-150.6153
-148.5863
-147.9789
-150.1975
-153.2336
-154.1237
-151.7269
-149.3979
-150.9089
-154.3977
-155.5293
-154.3888
-151.8068
-151.062
-151.2825
-152.0091
-153.7703
-152.5636
-151.9753
-151.9968
-151.9447
-152.8928
-154.1043
-153.8536
-153.6018
-153.9012
-156.3479
-154.513
-152.8901
-153.3734
-154.7140
-156.8338
-157.4592
-156.7320
-157.0263
-157.3084
-156.5201
-156.2376
-155.2688
-155.2572
-157.4381
-159.2642
-158.7662
-157.7438
-157.8939
-157.4230
-158.1767
-158.7655
-159.8318
-159.7299
-157.8251
-158.7004
-160.0932
-160.6397
-159.1982
-158.8942
-157.8582
-159.0440
-158.4982
-158.7192
-157.7595
-158.1962
-159.2092
-159.5152
-158.2330
-158.9964
-159.8162
-158.5504
-158.5346
-160.2866
-160.7987
-160.7431
-161.2647
-160.8745
-159.8351
-156.9149
-157.3228
-160.1451
-162.128
-160.5194
-158.318
-159.4084
-161.2845
-160.4600
-158.7729
-158.7696
-159.6421
-159.0991
-159.1917
-160.3709
-161.576
-160.3474
-159.6336
-158.4583
-159.3723
-158.7582
-158.5131
-159.8338
-158.0213
-156.6685
-156.0333
-154.8214
-154.6591
-154.6321
-154.2745
-154.8300
-156.6040
-156.3480
-154.3611
-152.8711
-151.5309
-151.5011
-151.7231
-151.1197
-151.27
-151.9604
-151.4461
-150.2885
-149.6697
-148.8416
-149.0687
-150.5189
-150.0826
-149.4760
-149.5837
-149.0892
-149.9699
-149.4490
-147.9727
-146.8943
-147.3020
-148.1704
-148.9202
-149.5626
-147.7847
-145.8198
-146.1380
-146.6675
-146.5517
-147.5491
-148.9161
-148.1563
-145.7505
-145.407
-147.1560
-148.9820
-149.6676
-149.8941
-148.6300
-147.2020
-147.2444
-146.5259
-143.2347
-143.1109
-143.2499
-143.4191
-142.198
-141.3265
-141.9482
-142.0237
-140.2027
-138.9471
-140.188
-141.8507
-141.9565
-141.5328
-141.0683
-141.1421
-142.0601
-141.8134
-140.5428
-140.8441
-140.8323
-142.3952
-143.2305
-144.0666
-144.3406
-144.6287
-145.1347
-145.5377
-144.237
-144.5835
-146.3699
-145.1468
-143.8308
-144.327
-144.27
-143.7893
-143.2568
-142.8298
-144.9996
-145.4944
-144.5147
-143.0796
-142.9509
-145.8437
-148.3287
-146.0865
-145.0735
-145.2038
-144.5229
-144.7758
-144.5770
-146.1740
-147.4029
-147.5334
-146.4089
-147.8843
-149.0113
-146.8353
-144.7989
-144.9005
-145.8213
-148.4732
-148.8212
-147.2757
-146.4630
-146.7800
-146.1083
-145.2902
-144.1999
-146.0669
-146.5392
-145.8403
-145.6286
-144.7926
-145.5199
-146.2500
-148.0886
-148.2732
-146.3915
-145.6050
-146.7492
-147.7767
-148.3491
-146.9102
-145.7047
-145.7468
-146.8159
-146.3621
-143.8313
-143.4652
-145.8291
-147.2358
-147.0142
-146.3441
-146.2959
-146.0928
-145.7591
-144.0801
-143.4924
-145.8269
-146.1045
-145.3448
-143.6414
-144.2793
-145.3124
-144.4472
-144.8960
-146.2912
-147.1120
-145.6226
-144.3717
-144.7774
-146.7469
-147.6650
-145.053
-143.9607
-143.1178
-142.7165
-142.7627
-144.3192
-143.9578
-141.5802
-140.8760
-141.2975
-142.505
-142.4302
-140.2971
-139.2338
-138.7724
-139.5455
-140.2448
-139.0715
-139.1122
-139.6150
-139.3458
-139.1232
-140.7385
-141.7880
-142.1169
-141.5116
-140.5495
-142.0213
-142.8486
-143.4128
-143.3744
-142.3343
-139.7346
-138.6411
-139.4985
-141.1615
-143.0255
-141.7288
-140.1552
-139.5788
-140.3159
-140.4670
-140.0048
-140.3539
-139.5651
-138.9873
-140.3653
-141.6002
-142.3859
-141.8679
-141.1706
-142.4995
-143.5848
-143.7763
-142.9036
-141.9120
-140.8447
-140.4801
-140.0088
-139.2223
-138.5538
-138.6636
-139.5857
-140.9892
-139.4852
-137.0372
-136.7119
-135.8887
-136.0497
-136.6596
-136.1344
-136.1837
-137.3344
-137.1886
-136.3516
-136.1822
-135.3972
-136.9576
-138.3147
-139.0567
-137.8572
-135.8856
-134.5540
-131.8331
-130.2924
-130.7231
-129.8846
-129.2175
-130.6440
-131.5029
-132.2564
-131.3484
-131.1109
-132.4338
-131.7471
-128.9625
-128.3915
-129.2777
-128.7953
-128.5902
-130.0497
-133.0641
-134.2962
-133.1437
-131.0876
-130.9248
-131.7222
-132.2422
-130.6702
-131.4432
-130.7644
-129.2599
-128.1928
-127.8457
-129.5913
-131.9325
-130.2763
-129.2435
-129.1205
-129.0415
-130.2052
-130.9931
-131.5432
-132.1506
-131.2418
-130.7901
-130.9120
-130.7652
-130.7376
-130.3302
-129.2552
-128.8188
-128.9705
-128.6707
-127.7227
-127.3909
-129.1477
-129.3921
-129.2307
-129.8685
-130.4299
-130.5341
-129.1573
-128.1201
-129.5002
-129.2827
-129.0701
-128.6184
-129.3881
-129.7598
-131.4285
-132.8615
-132.8597
-131.4599
-131.5619
-132.0611
-131.2038
-131.3781
-133.0846
-132.8528
-132.27
-132.3375
-131.3665
-131.0313
-130.3884
-131.5883
-133.8956
-133.8509
-134.2557
-135.7542
-134.2241
-129.5786
-128.8520
-131.3023
-132.9232
-133.9056
-132.9108
-131.7646
-131.1673
-131.0979
-131.0684
-128.8827
-128.8376
-127.8664
-126.2689
-125.5236
-124.7802
-125.6218
-125.5103
-123.8152
-123.7278
-124.819
-125.5501
-125.6571
-123.9292
-123.6101
-121.6177
-121.5750
-122.0526
-123.5835
-124.4950
-122.7827
-123.8152
-126.3466
-127.1587
-123.6611
-121.37
-122.0437
-122.8500
-121.7901
-121.5449
-121.0908
-122.5202
-123.1058
-122.3895
-123.1253
-124.5347
-123.9673
-123.1912
-123.6200
-125.3975
-124.8590
-125.1963
-125.9348
-126.1521
-125.3954
-126.1306
-127.9351
-128.0998
-126.3051
-125.3836
-124.7619
-123.2370
-122.4310
-123.6408
-122.2850
-121.8626
-120.7991
-118.7488
-118.5411
-118.5767
-118.8621
-117.2426
-113.1787
-111.6631
-113.5469
-114.9528
-114.9695
-113.9722
-112.3932
-112.9451
-114.7281
-116.218
-114.9416
-115.8454
-117.9948
-118.7671
-119.0283
-120.397
-121.7778
-122.2523
-124.5088
-125.9514
-125.7696
-126.1685
-125.1086
-124.0771
-124.4164
-124.2574
-123.5965
-125.0052
-126.7887
-128.0600
-126.8371
-125.2550
-125.9312
-126.5719
-126.8398
-127.3838
-128.4394
-128.8020
-129.8176
-130.8593
-132.3421
-132.5584
-133.2261
-132.8168
-133.3906
-133.8546
-132.0608
-133.4395
-135.0736
-137.2379
-139.3636
-139.6150
-140.7113
-140.2780
-140.0784
-139.3239
-138.4516
-138.8197
-139.5690
-138.541
-139.7376
-141.2331
-142.1286
-140.9470
-140.1673
-139.6457
-139.9615
-139.5000
-138.9394
-138.6432
-139.1695
-138.4032
-137.5151
-137.3788
-138.1914
-137.4231
-138.3019
-139.3086
-139.8273
-137.6378
-136.1082
-136.6170
-136.3136
-136.0485
-136.5425
-138.7824
-138.2732
-137.9358
-137.9916
-138.4853
-139.4909
-139.5384
-140.6453
-141.7257
-141.1684
-138.4876
-136.9997
-138.3490
-139.1743
-138.0405
-137.0855
-138.2922
-138.7389
-137.4991
-136.7422
-137.2481
-137.4008
-138.8712
-139.6948
-138.8916
-137.3155
-138.4589
-140.3998
-141.4590
-139.8903
-138.1686
-137.5906
-137.7559
-137.0212
-135.5965
-136.1612
-137.8136
-140.1816
-140.9075
-140.3501
-139.8811
-139.9650
-138.9181
-137.9791
-137.9494
-140.4545
-141.7821
-140.0164
-138.4289
-138.9495
-139.0871
-140.2768
-139.7857
-139.6330
-139.5614
-138.7123
-137.7732
-139.6242
-139.7329
-137.5372
-137.0105
-139.2386
-141.0975
-140.4927
-140.5831
-140.402
-141.3203
-142.1157
-144.5134
-144.596
-144.0099
-142.927
-145.2385
-145.4575
-145.5447
-144.7257
-143.8765
-144.5722
-145.1956
-144.8743
-144.545
-144.0280
-143.6636
-143.4865
-143.2621
-142.5418
-141.2585
-141.1075
-141.8225
-142.6025
-141.6313
-141.4626
-141.6154
-141.7181
-142.2342
-141.2433
-140.1396
-139.4117
-140.1374
-142.6894
-145.1244
-144.5467
-143.2236
-142.1623
-143.2486
-144.1266
-142.7504
-142.5582
-143.4900
-142.1566
-141.1232
-142.6592
-143.7149
-144.9735
-145.4734
-144.9497
-143.0577
-143.8869
-144.2065
-144.1992
-144.4522
-144.7906
-145.3496
-145.4647
-146.415
-147.3939
-148.1687
-147.532
-148.3071
-150.0856
-150.3484
-148.6356
-150.1417
-151.2214
-151.1841
-148.7194
-146.7816
-148.7830
-151.6398
-151.0045
-150.8394
-150.0800
-151.0439
-152.3796
-151.1412
-151.2459
-150.5286
-149.5114
-151.5682
-152.3283
-150.5439
-150.2174
-151.7857
-152.3502
-150.2567
-149.2697
-151.3239
-155.1410
-153.4475
-150.7923
-149.9719
-150.9595
-151.1944
-152.57
-152.5253
-151.6162
-150.9709
-149.2585
-149.4976
-148.0662
-147.4369
-147.5500
-147.9861
-148.9838
-149.0901
-149.2424
-148.8805
-147.5939
-147.4237
-147.4455
-147.0920
-146.3875
-146.8832
-147.6015
-148.4331
-147.6504
-146.8329
-146.8224
-145.8961
-146.5082
-148.5696
-147.5569
-146.1759
-146.9411
-148.8797
-150.3454
-149.5903
-148.9839
-148.2336
-150.3426
-149.5931
-150.6840
-151.8127
-149.9036
-148.8078
-149.2341
-148.3797
-146.9678
-147.5332
-149.9417
-151.1184
-151.2227
-152.6396
-154.7514
-154.0647
-150.9427
-148.7934
-150.1433
-151.7412
-151.0601
-149.2780
-148.6265
-149.0720
-148.4744
-149.1217
-148.8603
-146.9627
-146.9439
-149.0514
-150.0820
-149.1697
-148.3281
-147.0866
-146.5919
-146.2616
-145.2263
-143.9187
-142.6529
-141.4192
-141.2413
-141.5609
-145.3022
-146.4407
-145.5565
-144.5821
-145.9532
-146.6615
-146.2352
-145.0936
-143.4292
-143.0807
-144.7741
-146.3648
-145.8661
-145.6904
-145.2564
-145.9306
-146.5943
-146.237
-146.919
-145.5238
-142.0651
-141.0192
-143.8924
-146.1309
-145.7691
-144.0692
-140.4555
-140.3831
-140.4041
-141.3950
-140.3930
-139.3791
-138.6442
-138.5541
-139.1687
-139.8043
-138.7832
-138.9386
-138.6590
-139.0221
-139.2667
-139.1234
-140.1239
-141.3190
-141.2731
-141.7167
-141.3490
-142.5422
-144.1133
-143.3262
-143.5080
-143.5328
-142.6184
-141.2508
-138.7636
-138.3995
-138.2877
-139.3555
-139.1098
-138.5601
-138.8972
-140.1416
-141.4595
-140.4408
-139.5566
-142.7888
-145.6189
-143.3383
-141.0460
-141.3983
-142.7512
