0
0
0.706706
1.282969
1.563952
1.726698
1.608663
3.004852
3.728930
2.188198
0.2371491
-2.655434
-6.721476
-10.53264
-13.44425
-16.15566
-18.44271
-21.4251
-25.59793
-29.74562
-34.58481
-38.60907
-41.86555
-44.91126
-48.10634
-51.07872
-55.01745
-60.28278
-65.52036
-71.60425
-79.07044
-87.61607
-97.26312
-107.1639
-117.5492
-130.7589
-145.1538
-160.1346
-174.8327
-189.7042
-206.1989
-223.2044
-239.0987
-254.8036
-272.4367
-290.2598
-309.2330
-330.7470
-354.5747
-378.2495
-401.0342
-423.1163
-445.5897
-469.2644
-494.5774
-520.0743
-545.8901
-572.1851
-598.9822
-626.375
-653.958
-681.4423
-708.8579
-736.4441
-763.4184
-789.315
-815.1246
-840.1744
-864.4398
-887.4792
-909.7716
-932.9288
-957.2192
-981.3486
-1004.730
-1027.895
-1051.331
-1074.620
-1097.262
-1118.308
-1138.000
-1156.78
-1175.604
-1195.017
-1213.778
-1231.976
-1249.264
-1266.228
-1282.969
-1299.595
-1316.075
-1332.162
-1349.72
-1368.367
-1387.309
-1406.982
-1426.928
-1447.131
-1468.882
-1491.465
-1513.480
-1535.569
-1559.040
-1581.335
-1603.640
-1626.105
-1649.035
-1670.315
-1690.621
-1711.117
-1731.680
-1753.531
-1775.999
-1798.962
-1822.656
-1847.297
-1871.045
-1893.938
-1917.805
-1941.637
-1966.767
-1993.777
-2022.39
-2051.769
-2081.242
-2110.317
-2139.779
-2168.529
-2197.604
-2227.873
-2258.581
-2287.128
-2313.072
-2338.941
-2365.741
-2394.565
-2425.15
-2457.112
-2490.714
-2526.024
-2560.687
-2592.61
-2624.142
-2655.286
-2686.052
-2717.739
-2748.638
-2779.717
-2809.43
-2838.049
-2865.716
-2891.476
-2915.463
-2938.162
-2959.04
-2979.008
-2998.044
-3016.687
-3033.571
-3048.818
-3062.316
-3073.779
-3085.017
-3096.362
-3106.607
-3116.509
-3126.24
-3135.722
-3145.906
-3156.941
-3169.512
-3182.524
-3194.209
-3204.406
-3214.075
-3222.175
-3229.144
-3236.231
-3243.871
-3253.134
-3262.245
-3271.15
-3280.031
-3287.438
-3294.118
-3300.155
-3306.685
-3313.143
-3317.458
-3319.087
-3321.014
-3323.852
-3327.118
-3330.974
-3333.871
-3337.154
-3342.241
-3347.724
-3352.616
-3357.279
-3361.583
-3366.72
-3372.77
-3377.729
-3383.175
-3391.232
-3400.955
-3410.387
-3419.076
-3426.643
-3434.850
-3442.922
-3450.634
-3457.942
-3465.306
-3473.354
-3481.439
-3489.891
-3498.303
-3506.827
-3516.774
-3527.952
-3541.392
-3555.439
-3569.922
-3585.442
-3602.026
-3617.188
-3629.706
-3641.473
-3653.506
-3666.644
-3682.548
-3698.671
-3712.971
-3725.677
-3738.625
-3752.533
-3766.906
-3780.47
-3792.175
-3803.576
-3815.144
-3826.547
-3838.524
-3850.036
-3860.996
-3873.752
-3886.370
-3898.825
-3912.079
-3926.183
-3939.721
-3951.711
-3961.515
-3968.842
-3975.163
-3979.317
-3982.08
-3984.113
-3985.380
-3985.65
-3985.486
-3984.187
-3981.526
-3978.323
-3974.422
-3970.784
-3965.72
-3958.016
-3949.227
-3940.668
-3935.213
-3930.814
-3927.098
-3924.796
-3922.506
-3918.449
-3914.484
-3911.95
-3908.542
-3903.787
-3900.03
-3897.692
-3898.014
-3898.497
-3899.111
-3899.678
-3901.092
-3902.43
-3902.488
-3901.900
-3901.997
-3902.693
-3903.258
-3903.678
-3906.642
-3912.397
-3920.262
-3928.52
-3935.744
-3943.584
-3954.361
-3965.844
-3977.592
-3989.857
-4002.169
-4014.32
-4027.321
-4040.645
-4055.374
-4070.517
-4084.341
-4096.273
-4107.191
-4119.994
-4132.939
-4146.168
-4160.454
-4177.502
-4197.13
-4217.018
-4236.973
-4255.359
-4273.726
-4294.189
-4316.111
-4338.429
-4362.097
-4385.794
-4407.975
-4427.526
-4446.697
-4465.326
-4484.65
-4504.225
-4522.684
-4539.964
-4556.302
-4573.704
-4591.986
-4610.46
-4628.646
-4648.717
-4669.43
-4689.391
-4710.081
-4730.987
-4751.83
-4772.775
-4794.774
-4816.448
-4836.647
-4855.801
-4876.044
-4896.276
-4916.262
-4936.831
-4959.053
-4982.146
-5007.036
-5031.09
-5055.545
-5081.94
-5108.416
-5134.074
-5159.267
-5184.006
-5209.655
-5235.873
-5261.823
-5288.483
-5316.644
-5345.663
-5374.702
-5404.603
-5434.442
-5463.621
-5491.371
-5519.511
-5549.092
-5579.318
-5607.399
-5633.77
-5658.47
-5684.313
-5710.253
-5735.484
-5762.144
-5790.743
-5819.855
-5848.491
-5877.632
-5906.54
-5935.048
-5963.32
-5992.052
-6020.181
-6048.238
-6077.089
-6106.305
-6135.811
-6165.959
-6195.665
-6225.819
-6257
-6288.688
-6319.879
-6351.408
-6382.777
-6414.729
-6446.94
-6479.995
-6513.36
-6545.657
-6578.736
-6612.788
-6647.257
-6683.004
-6718.944
-6754.151
-6789.612
-6823.905
-6857.999
-6892.415
-6926.151
-6959.969
-6995.118
-7029.132
-7062.045
-7095.136
-7127.288
-7158.75
-7188.586
-7217.411
-7247.641
-7278.119
-7307.757
-7336.882
-7366.53
-7398.44
-7432.21
-7466.317
-7501.328
-7536.833
-7571.001
-7602.662
-7631.683
-7658.891
-7686.109
-7713.439
-7739.799
-7764.057
-7787.18
-7811.324
-7835.605
-7859.461
-7883.34
-7908.361
-7933.415
-7957.784
-7982.564
-8008.021
-8033.105
-8059.46
-8087.506
-8116.55
-8146.404
-8175.715
-8204.834
-8234.957
-8263.446
-8289.734
-8313.47
-8337.877
-8363.087
-8388.24
-8412.875
-8438.105
-8463.694
-8490.149
-8517.574
-8545.904
-8573.92
-8602.792
-8632.624
-8662.08
-8690.191
-8716.477
-8741.862
-8768.192
-8796.278
-8823.118
-8850.31
-8878.75
-8907.7
-8936.136
-8963.9
-8992.724
-9021.465
-9051.143
-9080.24
-9108.002
-9136.7
-9166.794
-9196.48
-9225.772
-9253.632
-9280.132
-9305.92
-9331.758
-9357.233
-9382.927
-9407.808
-9431.07
-9451.882
-9472.88
-9493.712
-9515.325
-9536.274
-9556.803
-9579.154
-9600.426
-9620.435
-9640.85
-9661.384
-9680.615
-9698.327
-9715.305
-9733.602
-9752.452
-9772.023
-9792.268
-9814.773
-9838.364
-9861.723
-9883.984
-9905.17
-9925.618
-9947.343
-9969.302
-9989.87
-10007.91
-10026.27
-10045.18
-10063.09
-10080.71
-10099.44
-10120.57
-10142.15
-10163.13
-10184.00
-10204.04
-10223.88
-10243.14
-10263.35
-10285.74
-10309.26
-10332.90
-10356.20
-10379.61
-10402.68
-10425.46
-10448.37
-10470.87
-10492.80
-10513.79
-10534.48
-10555.51
-10576.55
-10597.26
-10616.46
-10632.19
-10645.63
-10658.37
-10671.49
-10686.56
-10703.90
-10722.22
-10740.21
-10759.43
-10779.64
-10799.65
-10817.91
-10835.48
-10854.52
-10875.04
-10893.55
-10910.67
-10927.27
-10944.33
-10959.80
-10972.68
-10986.70
-11001.31
-11014.45
-11027.12
-11038.90
-11050.90
-11062.70
-11075.40
-11089.78
-11104.28
-11119.31
-11134.39
-11149.32
-11163.62
-11179.57
-11195.93
-11213.42
-11230.9
-11246.13
-11259.74
-11273.37
-11288.67
-11303.20
-11316.63
-11330.94
-11347.41
-11363.82
-11380.85
-11396.82
-11411.43
-11427.41
-11444.61
-11464.25
-11487.74
-11511.52
-11535.15
-11558.98
-11583.04
-11606.28
-11628.55
-11650.13
-11670.27
-11688.80
-11706.25
-11723.19
-11739.49
-11756.04
-11773.27
-11791.54
-11811.47
-11833.08
-11854.39
-11876.16
-11898.20
-11920.55
-11941.50
-11962.52
-11985.15
-12008.05
-12031.15
-12055.02
-12080.41
-12106.41
-12133.62
-12161.98
-12189.94
-12216.85
-12241.43
-12265.55
-12289.76
-12315.85
-12343.72
-12372.69
-12403.81
-12436.31
-12470.14
-12504.28
-12539.34
-12574.01
-12609.78
-12645.51
-12681.36
-12717.82
-12754.53
-12790.83
-12826.64
-12861.74
-12896.38
-12930.04
-12963
-12994.44
-13023.86
-13053.49
-13084.50
-13114.99
-13143.49
-13170.62
-13197.43
-13224.80
-13252.78
-13281.49
-13309.85
-13337.76
-13366.81
-13395.40
-13422.58
-13448.34
-13472.98
-13497.22
-13520.09
-13539.78
-13558.04
-13575.04
-13591.66
-13607.85
-13623.42
-13639.77
-13657.57
-13674.46
-13689.2
-13702.86
-13716.82
-13731.69
-13746.50
-13761.82
-13777.68
-13792.13
-13805.61
-13818.18
-13830.11
-13842.66
-13855.5
-13867.77
-13880.15
-13891.83
-13902.32
-13911.69
-13920.84
-13931.37
-13943.39
-13954.63
-13966.06
-13977.20
-13988.86
-14000.85
-14012.44
-14023.01
-14033.89
-14045.8
-14057.91
-14070.63
-14084.69
-14098.75
-14112.87
-14128.51
-14145.70
-14163.54
-14181.92
-14201.10
-14221.35
-14241.52
-14260.98
-14282.04
-14304.13
-14327.63
-14350.99
-14373.53
-14393.94
-14412.41
-14430.88
-14451.06
-14473.43
-14497.18
-14521.80
-14545.41
-14568.75
-14593.67
-14619.82
-14646.87
-14674.08
-14700.96
-14728.94
-14755.10
-14781.42
-14808.87
-14836.61
-14866.26
-14897.25
-14928.71
-14959.17
-14989.73
-15020.65
-15050.51
-15080.34
-15111.05
-15141.25
-15170.04
-15199.30
-15228.7
-15259.38
-15289.31
-15316.98
-15345.08
-15373.71
-15402.82
-15432.07
-15460.75
-15488.41
-15515.07
-15540.72
-15566.95
-15595.61
-15625.82
-15655.39
-15684.40
-15713.27
-15744.07
-15777.49
-15811.19
-15843.36
-15876.13
-15908.84
-15940.76
-15973.08
-16004.79
-16036.83
-16071.3
-16105.94
-16140.82
-16174.15
-16205.69
-16238.05
-16272.53
-16306.14
-16337.6
-16367.22
-16396.98
-16428.46
-16461.16
-16493.12
-16524.25
-16555.12
-16583.96
-16611.59
-16637.97
-16663.62
-16691.35
-16721.5
-16751.75
-16780.80
-16808.66
-16836.02
-16864.33
-16893.42
-16924.53
-16955.02
-16983.14
-17009.41
-17035.12
-17060.51
-17087.02
-17112.63
-17138.30
-17165.20
-17191.81
-17216.60
-17242.27
-17270.21
-17298.17
-17325.74
-17353.63
-17382.33
-17412.16
-17442.61
-17472.75
-17501.98
-17531.25
-17560.93
-17590.97
-17620.96
-17649.59
-17678.2
-17706.45
-17733.92
-17761.42
-17789.06
-17816.42
-17843.17
-17869.14
-17892.93
-17915.35
-17938.58
-17961.07
-17984.5
-18007.87
-18031.88
-18055.48
-18078.55
-18101.90
-18125.65
-18148.6
-18171.28
-18193.82
-18216.72
-18237.78
-18257.94
-18278.40
-18299.59
-18320.48
-18339.65
-18357.54
-18376.87
-18396.52
-18413.56
-18430.3
-18448.21
-18466.45
-18484.72
-18503.14
-18520.81
-18536.01
-18551.26
-18565.78
-18578.85
-18592.17
-18604.47
-18617.14
-18629.66
-18642.16
-18655.64
-18669.34
-18683.26
-18695.73
-18706.62
-18716.87
-18726.52
-18736.47
-18746.41
-18755.34
-18764.36
-18771.37
-18776.62
-18782.10
-18786.97
-18793.02
-18800.65
-18809.79
-18819.16
-18830.06
-18841.72
-18853.98
-18866.26
-18877.66
-18890.78
-18907.04
-18924.36
-18943.10
-18961.83
-18981.02
-19001.94
-19021.87
-19040.92
-19059.41
-19077.63
-19094.95
-19112.93
-19131.45
-19148.15
-19164.85
-19183.19
-19202.16
-19221.83
-19242.25
-19263.91
-19286.31
-19308.25
-19330.5
-19354.38
-19380.50
-19407.16
-19434.66
-19463.14
-19489.95
-19517.33
-19545.39
-19573.00
-19601.86
-19632.14
-19661.14
-19689.27
-19716.11
-19741.48
-19765.34
-19787.78
-19808.69
-19828.3
-19847.45
-19867.84
-19890.30
-19913.22
-19936.51
-19960.16
-19983.5
-20005.02
-20025.25
-20044.45
-20062.54
-20079.64
-20095.88
-20110.98
-20126.04
-20140.38
-20154.50
-20167.44
-20178.75
-20188.75
-20198.64
-20210.77
-20223.70
-20237.63
-20251.52
-20266.19
-20282.27
-20299.26
-20318.58
-20338.62
-20359
-20379.75
-20400.47
-20421.64
-20444.96
-20469.98
-20495.31
-20520.76
-20546.69
-20570.78
-20594.11
-20617.65
-20641.76
-20664.68
-20686.03
-20706.90
-20728.59
-20751.53
-20776.36
-20800.28
-20823.58
-20847.78
-20872.86
-20897.28
-20919.87
-20941.09
-20962.96
-20986.47
-21010.57
-21034.66
-21060.28
-21085.58
-21110.40
-21134.91
-21159.09
-21182.58
-21205.97
-21230.73
-21256.14
-21281.72
-21307.63
-21333.57
-21359.31
-21385.03
-21411.57
-21439.45
-21467.41
-21495.74
-21524.20
-21553.83
-21583.41
-21612.49
-21642.31
-21672.74
-21701.47
-21729.26
-21756.85
-21783.2
-21808.9
-21833.7
-21859.48
-21885.22
-21908.8
-21932.45
-21955.98
-21979.30
-22002.61
-22026.71
-22052.92
-22079.42
-22106.38
-22135.08
-22165.47
-22197.27
-22230.05
-22262.65
-22294.77
-22326.65
-22357.59
-22388.58
-22420.46
-22453.74
-22487.43
-22521.32
-22554.47
-22587.4
-22622.01
-22655.80
-22687.49
-22718.11
-22748.69
-22778.31
-22807.01
-22836.22
-22866.39
-22895.20
-22923.13
-22950.33
-22977.11
-23004.68
-23033.07
-23061.41
-23089.89
-23119.27
-23148.45
-23176.88
-23206.22
-23235.74
-23267.45
-23299.85
-23334.00
-23368.88
-23402.17
-23434.07
-23464.03
-23493.28
-23522.91
-23550.99
-23577.76
-23603.72
-23628.86
-23655.18
-23680.31
-23704.30
-23728.42
-23754.04
-23781.53
-23808.28
-23835.41
-23863.78
-23892.17
-23921.28
-23951.86
-23983.97
-24016.29
-24049.48
-24082.02
-24113.05
-24143.67
-24172.79
-24200.59
-24229.46
-24260.14
-24290.90
-24322.46
-24355.18
-24387.76
-24422.08
-24457.48
-24491.01
-24524.79
-24558.83
-24592.07
-24624.64
-24657.32
-24690.08
-24722.83
-24756.48
-24789.67
-24823.27
-24856.09
-24887.13
-24917.32
-24946.57
-24975.52
-25006.09
-25035.68
-25064.51
-25093.55
-25123.08
-25152.92
-25182.78
-25213.37
-25245.43
-25277.94
-25310.52
-25342.17
-25372.52
-25403.68
-25436.53
-25469.89
-25502.59
-25534.75
-25566.94
-25598.74
-25630.77
-25662.52
-25695.42
-25729.36
-25764.05
-25798.77
-25833.90
-25869.87
-25907.78
-25944.73
-25979.68
-26013.79
-26048.38
-26084.58
-26120.95
-26158.08
-26195.13
-26231.01
-26266.9
-26303.28
-26340.43
-26378.1
-26416.69
-26455.65
-26494.69
-26533.64
-26571.4
-26610.08
-26650.36
-26691.14
-26732.55
-26774.92
-26816.48
-26857.21
-26898.08
-26938.48
-26977.38
-27015.91
-27054.95
-27092.08
-27127.58
-27164.13
-27201.77
-27239.9
-27278.25
-27315.93
-27353.07
-27390.79
-27430.28
-27472.37
-27514.66
-27555.93
-27596.54
-27639.25
-27684.13
-27728.67
-27772.27
-27815.24
-27858.23
-27901.42
-27943.39
-27986
-28029.45
-28073.38
-28118.81
-28164.91
-28211.24
-28257.49
-28303.96
-28352.25
-28402.1
-28451.49
-28499.89
-28547.36
-28593.1
-28639
-28684.73
-28730.91
-28778.85
-28830.43
-28884.31
-28938.44
-28992.05
-29044.37
-29097.51
-29151.1
-29204.2
-29256.81
-29309.04
-29361.32
-29412.35
-29462.3
-29512.72
-29562.98
-29612.32
-29660.03
-29705.59
-29751.89
-29798.77
-29844.20
-29886.61
-29927.88
-29968.98
-30010.95
-30053.45
-30098.9
-30146.86
-30195.79
-30245.32
-30297.01
-30350.05
-30403.19
-30457.3
-30511.4
-30566.52
-30621.6
-30676.27
-30730.01
-30783.77
-30836.87
-30890.56
-30945.98
-31001.16
-31057.43
-31114.55
-31172.28
-31229.57
-31286.94
-31344.67
-31403.53
-31461.38
-31518.99
-31575.31
-31631.1
-31686.50
-31742.42
-31798.5
-31855.36
-31913.11
-31972.47
-32031.15
-32089.87
-32148.8
-32207.67
-32266.41
-32325.72
-32384.96
-32445.74
-32507.65
-32571.64
-32635.75
-32699.41
-32762.35
-32824.11
-32885.32
-32948.24
-33011.83
-33074.86
-33136.84
-33199.63
-33261.86
-33323.85
-33386.14
-33447.68
-33508.8
-33569.94
-33630.77
-33691.3
-33751.45
-33811.56
-33871.25
-33930.39
-33990.77
-34051.88
-34113.08
-34175.00
-34237.82
-34301.06
-34365.88
-34431.35
-34498.89
-34568.09
-34635.43
-34700.11
-34764.81
-34830.62
-34897.52
-34963.89
-35028.95
-35093.19
-35155.02
-35215.9
-35277.18
-35339.47
-35402.33
-35464.45
-35525.26
-35584.52
-35641.91
-35700.71
-35761.49
-35821.97
-35883.99
-35948.59
-36015.51
-36082.86
-36149.25
-36214.74
-36280.82
-36346.16
-36411.77
-36477.55
-36542.9
-36609.36
-36677.74
-36746.1
-36814.73
-36882.48
-36949.35
-37016.34
-37083.54
-37151.98
-37221.03
-37289.87
-37360.01
-37432.05
-37503.67
-37573.56
-37643.77
-37713.95
-37784.05
-37854.17
-37925.83
-37996.19
-38065.71
-38135.6
-38205.72
-38275
-38343.92
-38412.2
-38480.29
-38549.24
-38617.48
-38683.63
-38747.36
-38809.78
-38872.26
-38935.6
-38998.2
-39059.09
-39119.53
-39180.25
-39240.96
-39299.61
-39359.43
-39419.53
-39479.45
-39541.99
-39606.89
-39671.72
-39735.7
-39798.84
-39861.12
-39922.05
-39982.6
-40045.5
-40109.04
-40173.47
-40236.66
-40297.3
-40357.02
-40415.23
-40473.00
-40530.92
-40587.15
-40641.43
-40696.46
-40752.41
-40809.45
-40866.37
-40922.23
-40976.83
-41031.89
-41086.39
-41139.98
-41194.5
-41247.58
-41299.34
-41350.67
-41403.78
-41456.11
-41508.51
-41561.42
-41614.45
-41666.86
-41717.57
-41766.15
-41812.76
-41859.56
-41906.77
-41952.34
-41997.08
-42043.22
-42090.87
-42138.64
-42186.95
-42236.47
-42285.87
-42335.23
-42384.70
-42434.04
-42483.21
-42532.42
-42581.42
-42630.9
-42681.32
-42732.63
-42784.23
-42836.27
-42889.34
-42942.58
-42994.66
-43046.78
-43098.03
-43148.3
-43197.75
-43245.42
-43292.7
-43340.27
-43386.92
-43433.85
-43479.02
-43524.08
-43569.94
-43614.72
-43658.9
-43703.55
-43748.68
-43793.6
-43838.23
-43883.28
-43926.23
-43966.75
-44007.25
-44048.44
-44091.02
-44133.95
-44177.94
-44224.89
-44273.67
-44323.24
-44373.14
-44421.69
-44469.02
-44515.65
-44564.01
-44614.51
-44665.06
-44714.43
-44761.66
-44808.34
-44854.73
-44902.73
-44953.26
-45006.3
-45060.35
-45114.26
-45165.67
-45215.8
-45265.39
-45312.74
-45358.82
-45407.07
-45456.73
-45505.89
-45552.35
-45596.77
-45641.66
-45686.36
-45729.62
-45773.18
-45818.55
-45863.87
-45909.48
-45954.57
-45998.64
-46041.3
-46084.33
-46128.47
-46172.46
-46216.84
-46261.3
-46305.4
-46349.94
-46395.73
-46442.3
-46487.6
-46530.09
-46570.08
-46609.29
-46648.29
-46688.69
-46729.96
-46770.5
-46810.53
-46851.34
-46891.93
-46932.98
-46973.34
-47014.44
-47057.31
-47099.92
-47144.05
-47190.7
-47237.23
-47282.98
-47328.94
-47374.82
-47420.03
-47464.94
-47509.43
-47554.07
-47601.54
-47650.97
-47701.96
-47753.21
-47803.04
-47854.58
-47907.35
-47961.98
-48019.23
-48078
-48135.95
-48193.94
-48252.31
-48311.92
-48374.06
-48435.9
-48496.6
-48556
-48614.61
-48673.86
-48735.48
-48797.77
-48860.97
-48925.09
-48988.98
-49052.92
-49117.77
-49182.86
-49247.32
-49311.52
-49375.15
-49437.6
-49498.69
-49558.51
-49618.85
-49679.23
-49737.15
-49794.24
-49852.99
-49910.85
-49968.86
-50027.73
-50087.32
-50147.68
-50207.32
-50265.04
-50321.44
-50377.44
-50433.49
-50489.66
-50546.4
-50602.35
-50657.11
-50710.52
-50763
-50814.52
-50864.56
-50913.82
-50963.78
-51013.93
-51064.35
-51114.1
-51164.58
-51217.01
-51272.38
-51330.08
-51387.67
-51446.22
-51507.07
-51568.81
-51628.67
-51688.21
-51749.56
-51812.28
-51873.46
-51935.18
-51997.24
-52058.44
-52119.1
-52178.46
-52235.34
-52289.93
-52342.24
-52395.13
-52448.39
-52502.04
-52554.9
-52608.29
-52660.81
-52713.26
-52764.99
-52818.6
-52873.28
-52928.3
-52983.58
-53039.61
-53096.75
-53153.87
-53210.38
-53266.17
-53319.93
-53374.45
-53430.64
-53486.83
-53543.3
-53599.55
-53655.17
-53710.53
-53766.94
-53822
-53877.58
-53934.99
-53995.38
-54057.79
-54121.01
-54184.07
-54247.55
-54312.21
-54378.27
-54443.03
-54506.04
-54567.8
-54627.75
-54686.08
-54744.49
-54801.61
-54858.74
-54914.86
-54969.9
-55024.69
-55079.15
-55132.89
-55187.46
-55242.17
-55296.28
-55351.37
-55406.62
-55462.07
-55517.29
-55573.75
-55631.51
-55688.35
-55744.07
-55799.03
-55854.92
-55911.51
-55967.94
-56022.66
-56076.76
-56131.26
-56188.31
-56244.92
-56302.63
-56359.85
-56416.59
-56474.74
-56533.78
-56591.51
-56647.81
-56702.8
-56756.94
-56811.78
-56867.49
-56922.86
-56978.62
-57034.2
-57090.66
-57148.11
-57203.58
-57256.27
-57308.87
-57361.43
-57414.17
-57469.36
-57526.03
-57582.07
-57636.57
-57690.11
-57743.62
-57796.98
-57851.66
-57906.17
-57960.78
-58014.91
-58069.8
-58126.7
-58185.15
-58243.37
-58301.65
-58360.27
-58417.61
-58472.99
-58527.7
-58581.04
-58633.16
-58686
-58738.51
-58792.19
-58848.11
-58907.71
-58968.33
-59029.02
-59088.35
-59146.84
-59205.36
-59265.07
-59324.14
-59382.02
-59440.42
-59498.81
-59558.18
-59618.46
-59678.11
-59736.98
-59794.44
-59853.21
-59912.05
-59973.07
-60033.92
-60094.02
-60154.36
-60215.67
-60276.41
-60338.47
-60399.78
-60459.77
-60519.04
-60578.34
-60637.8
-60698.06
-60756.86
-60814.54
-60873.16
-60933.78
-60997.09
-61062.76
-61127.43
-61189.86
-61250.22
-61310.35
-61370.74
-61430.06
-61487.18
-61542.68
-61597.57
-61651.54
-61704.63
-61757.73
-61812.1
-61866.17
-61918.96
-61971.81
-62026.43
-62081.2
-62136.06
-62191.04
-62246.29
-62301.52
-62356.83
-62412.4
-62467.04
-62520.55
-62573.72
-62626.29
-62677.78
-62728.85
-62780.27
-62830.56
-62879.87
-62927.82
-62975.75
-63023.14
-63070.8
-63120.05
-63169.65
-63218.49
-63266.93
-63314.66
-63361.18
-63406.36
-63450.37
-63494.45
-63538.58
-63582.54
-63627.69
-63672.03
-63715.01
-63758.28
-63801.36
-63843.42
-63884.36
-63923.93
-63963.31
-64002.73
-64041.85
-64083.13
-64123.93
-64164.91
-64205.77
-64246.22
-64285.6
-64325.47
-64365.89
-64406.04
-64444.99
-64482.89
-64517.99
-64551.7
-64586.2
-64619.28
-64652.32
-64687.58
-64722.68
-64757.66
-64791.73
-64823.28
-64854.58
-64886.56
-64918.46
-64949.9
-64981.34
-65011.49
-65041.19
-65071.67
-65101.48
-65130.64
-65159.58
-65188.93
-65217.79
-65246.26
-65273.65
-65300.7
-65328.38
-65353.64
-65377.76
-65402.53
-65427.21
-65452.88
-65478.05
-65502.05
-65525.5
-65549.17
-65573.97
-65599
-65624.2
-65650.2
-65676.54
-65701.99
-65726.3
-65749.94
-65772.73
-65794.99
-65816.94
-65839.1
-65862.6
-65887.17
-65911.91
-65937.11
-65962.93
-65990.38
-66019.91
-66048.58
-66076.14
-66104.21
-66133.97
-66162.82
-66192.37
-66222.24
-66251.14
-66279.42
-66309.21
-66340.76
-66372.76
-66405.54
-66438.9
-66475.1
-66512.09
-66547.65
-66584.57
-66623.34
-66661.57
-66700.31
-66738.3
-66775.87
-66814.63
-66855.43
-66896.55
-66938.6
-66980.8
-67022.3
-67063.94
-67106.23
-67149.01
-67192.22
-67235.17
-67277.2
-67319.36
-67360.45
-67402.07
-67444.4
-67487.9
-67531.15
-67572.92
-67613.34
-67652.15
-67689.49
-67727.98
-67767.7
-67809.58
-67853.25
-67898.22
-67943.64
-67987.9
-68032.59
-68077.1
-68121.36
-68164
-68204.86
-68245.95
-68286.61
-68326.2
-68363.36
-68398.02
-68431.97
-68465.62
-68499.55
-68533.94
-68568.42
-68602.73
-68636.52
-68670.84
-68705.76
-68739.16
-68774.02
-68809.62
-68845.38
-68881.3
-68917.84
-68954.97
-68991.04
-69027.1
-69064.66
-69103.6
-69143.7
-69183.14
-69223.94
-69264.7
-69307.02
-69350.46
-69394.8
-69439.62
-69484.02
-69527.11
-69569.82
-69611.89
-69652.95
-69694.61
-69735.9
-69777.97
-69819.79
-69860.7
-69901.25
-69944.5
-69987.35
-70029.04
-70070.08
-70111.21
-70152.8
-70193.55
-70235.16
-70278.33
-70323.12
-70370.04
-70417.04
-70463.87
-70511.49
-70558.99
-70607.5
-70656.32
-70705.13
-70753.17
-70800.62
-70847.55
-70893.9
-70940.31
-70986.66
-71032.17
-71077.28
-71120.75
-71163.24
-71205.14
-71246.36
-71286.28
-71324.72
-71361.66
-71399.31
-71439.4
-71479.3
-71519.77
-71559.59
-71597.3
-71633.96
-71672.75
-71712.76
-71753.07
-71789.83
-71824.39
-71858.4
-71891.39
-71924.03
-71958.59
-71994.07
-72030.01
-72065.73
-72100.68
-72134.49
-72166.97
-72200.9
-72235.93
-72273.46
-72312.98
-72353.98
-72395.39
-72438.47
-72484.57
-72532.97
-72581.49
-72629.9
-72677.32
-72726.14
-72776.6
-72827.07
-72877.31
-72928.25
-72979.45
-73028.37
-73075.2
-73121.93
-73168.99
-73217.48
-73266.58
-73315.01
-73362.9
-73409.9
-73456.8
-73502.82
-73547.9
-73592.51
-73637.33
-73682.18
-73725.91
-73767.39
-73807.03
-73846.87
-73886.04
-73927.05
-73970.09
-74012.3
-74053.32
-74091.34
-74126.64
-74160.47
-74194.09
-74227.76
-74261.62
-74295.93
-74329.26
-74361.89
-74394.32
-74427.93
-74461.15
-74493.43
-74525.68
-74558.43
-74590.96
-74622.78
-74655.52
-74689.76
-74722.7
-74755.42
-74789.3
-74823.9
-74858.72
-74893.67
-74929.64
-74966.04
-75001.35
-75036.53
-75071.41
-75107.05
-75141.25
-75174.93
-75210.19
-75246.26
-75282.68
-75317.77
-75351.98
-75384.68
-75416.29
-75448.44
-75480.64
-75511.84
-75542.13
-75571.6
-75600.13
-75627.93
-75655.83
-75685.6
-75715.88
-75746.5
-75776.58
-75806.24
-75837.77
-75871.88
-75906.2
-75940.7
-75974.4
-76006.97
-76038
-76067.87
-76097.5
-76127.17
-76158.06
-76187.17
-76217.15
-76250.07
-76284.33
-76320.83
-76359.18
-76397.63
-76436.32
-76474.89
-76513.52
-76554.46
-76596.29
-76639.47
-76682.38
-76724.39
-76766.79
-76810.15
-76855.08
-76901.68
-76950.57
-77000.07
-77048.75
-77099.27
-77151.13
-77202.96
-77253.62
-77303.11
-77353.06
-77404.09
-77455.58
-77507.74
-77560.32
-77613.72
-77666.99
-77719.2
-77770.47
-77821.3
-77870.67
-77919.13
-77967
-78013.36
-78057.87
-78103.22
-78148.78
-78193.96
-78238.26
-78283.45
-78328.63
-78373.58
-78419.48
-78466.43
-78514.84
-78564.98
-78615.52
-78664.94
-78714.19
-78763.47
-78813.32
-78862.79
-78912.46
-78961.68
-79011.02
-79061.38
-79109.89
-79159.32
-79208.73
-79258.22
-79308.31
-79358.79
-79408.66
-79457.32
-79506.34
-79554.53
-79601.74
-79649.87
-79698.48
-79746.33
-79794.21
-79843.15
-79892.53
-79942.8
-79991.52
-80040.5
-80089.04
-80137.43
-80185.3
-80233.74
-80282.2
-80329.47
-80375.87
-80422.77
-80470.29
-80517.95
-80567.99
-80620.16
-80673.17
-80726.8
-80781.01
-80835.97
-80891.55
-80946.76
-81000.01
-81051.75
-81104.31
-81155.86
-81206.7
-81255.99
-81305.51
-81356.32
-81407.4
-81459.02
-81509.97
-81559.23
-81605.77
-81650
-81693.18
-81735.68
-81776.58
-81817.37
-81858.05
-81898.84
-81940.01
-81984.42
-82029.08
-82072.02
-82114.88
-82159.3
-82203.89
-82246.97
-82288.85
-82331.42
-82373.96
-82417.94
-82460.92
-82501.86
-82542.87
-82585.33
-82629.12
-82672.33
-82714.88
-82758.76
-82804.05
-82851.22
-82901.25
-82954.31
-83009.01
-83065.83
-83122.24
-83179.18
-83237.37
-83296.35
-83356.32
-83417.74
-83478.65
-83538.35
-83597.38
-83655.58
-83713.8
-83773.68
-83834.4
-83897.06
-83961.25
-84026.03
-84090.84
-84154.04
-84216.45
-84279.26
-84341.85
-84404.21
-84465.49
-84524.71
-84583.64
-84643.98
-84704.2
-84763.33
-84823.02
-84884.77
-84947.81
-85010.37
-85073.4
-85136.24
-85198.76
-85261.9
-85326.84
-85393.31
-85459.3
-85523.76
-85586.69
-85649.33
-85712.54
-85776.87
-85841.45
-85903.9
-85964.38
-86023.34
-86079.59
-86134.66
-86190.34
-86246.42
-86301.55
-86356.75
-86411.91
-86467.45
-86524.45
-86582.55
-86642.04
-86702.23
-86762.28
-86822.94
-86883.2
-86942.59
-87001.28
-87059.5
-87118.34
-87176.72
-87234.33
-87292.17
-87349.73
-87404.57
-87457.46
-87509.77
-87560.62
-87612.14
-87664.35
-87717.75
-87771.95
-87826.34
-87881.14
-87935.33
-87988.2
-88041.52
-88097.63
-88154.3
-88208.54
-88261.59
-88315.79
-88368.33
-88420.3
-88470.54
-88518.55
-88566.46
-88613.54
-88660.5
-88708.25
-88756.98
-88805.68
-88854.26
-88902.76
-88950.66
-88998.83
-89046.53
-89092.85
-89139.25
-89185.18
-89229.15
-89272.31
-89314.62
-89355.62
-89395.77
-89435.97
-89475.4
-89514.02
-89551.9
-89588.94
-89625.78
-89663.38
-89702.3
-89742.27
-89781.67
-89819.24
-89854.92
-89891.05
-89927.89
-89965.4
-90003.1
-90041.29
-90079.87
-90117.07
-90152.12
-90185.85
-90219.33
-90253.97
-90288.13
-90322.5
-90358.32
-90394.35
-90430.37
-90465.63
-90500.1
-90535.61
-90571.13
-90606.03
-90639.71
-90672.7
-90707.37
-90744.28
-90783.11
-90824.06
-90866
-90910.16
-90954.65
-90998.58
-91042.44
-91085.22
-91128.11
-91170.24
-91212.3
-91254.15
-91295.59
-91334.71
-91373.38
-91411.6
-91449.52
-91487.45
-91523.77
-91558.65
-91594.14
-91629.83
-91665.52
-91701.29
-91737.5
-91774.7
-91812.2
-91851.38
-91891.2
-91931.22
-91971.49
-92012.26
-92052.08
-92090.83
-92129.73
-92168.58
-92207.89
-92246.8
-92283.74
-92320.27
-92357.53
-92393.93
-92430.13
-92466.55
-92501.72
-92534.5
-92566.38
-92597.72
-92629.16
-92661.2
-92693.5
-92726.52
-92760.33
-92794.83
-92827.15
-92858.3
-92888.72
-92918.02
-92946.15
-92973.47
-93000.56
-93027.81
-93055.73
-93084.57
-93114.3
-93145.66
-93177.17
-93208.36
-93238.5
-93268.3
-93296.86
-93326.46
-93356.22
-93386.83
-93416.97
-93447.26
-93478
-93509.13
-93541.53
-93576.52
-93612.44
-93648.48
-93683.78
-93719.03
-93754.27
-93789.42
-93825.2
-93861.62
-93898.19
-93934.74
-93972.23
-94008.8
-94044.31
-94081.45
-94120.18
-94159.96
-94199.66
-94240.78
-94283.95
-94325.09
-94365.2
-94406.27
-94449.2
-94493.6
-94539.75
-94587.56
-94636.72
-94686.1
-94736.34
-94787.87
-94839.99
-94892.22
-94943.11
-94994.12
-95046.07
-95097.53
-95148.66
-95200.5
-95252.95
-95305.48
-95358.79
-95412.26
-95466.32
-95519.98
-95572.37
-95621.13
-95668.22
-95714.89
-95760.59
-95804.4
-95848.83
-95893.25
-95938.21
-95983.17
-96027.6
-96073.1
-96119.76
-96166.99
-96212.57
-96258.51
-96305.56
-96354.68
-96406.54
-96460.13
-96513.32
-96566.93
-96620.85
-96675.36
-96729.56
-96783.66
-96837.4
-96890.7
-96942.56
-96994.76
-97045.56
-97095.3
-97144.3
-97194.5
-97244.9
-97293.92
-97343.63
-97392.89
-97441.14
-97488.54
-97535
-97583.34
-97632.97
-97682.05
-97730.87
-97779.98
-97828.65
-97877.96
-97928.86
-97979.56
-98032.32
-98086.57
-98140.22
-98193.48
-98245.3
-98294.77
-98344.55
-98395.04
-98445.32
-98495.57
-98546.75
-98599.5
-98654.71
-98710.84
-98765.15
-98818.9
-98872.85
-98927.4
-98983.46
-99039.64
-99095.41
-99150.3
-99204.96
-99260.4
-99317.27
-99373.5
-99428.24
-99482
-99534.87
-99587.61
-99639.37
-99689.37
-99738.77
-99786.11
-99831.2
-99875.82
-99921
-99965.96
-100011.2
-100059.8
-100111.1
-100164.3
-100217.8
-100271.3
-100327.1
-100383.2
-100438.1
-100493.6
-100549.4
-100605.5
-100661.3
-100715.7
-100769.6
-100822.7
-100875.1
-100926.6
-100978.4
-101030.0
-101081.7
-101135.3
-101191.1
-101245.9
-101298.7
-101351.2
-101405.1
-101458.7
-101513.3
-101566.3
-101617.4
-101668.7
-101720.1
-101771
-101821.8
-101872
-101921.7
-101972.5
-102024
-102077.0
-102130.9
-102185.9
-102241.8
-102298.3
-102355.6
-102411.2
-102465.7
-102518.7
-102571.9
-102624.6
-102674.8
-102725.5
-102777.9
-102830.5
-102883.0
-102935.7
-102987.7
-103039.4
-103093.0
-103148.1
-103203.2
-103257.5
-103313.2
-103370.3
-103428.5
-103487.0
-103545.1
-103602.1
-103659.1
-103717.9
-103777.9
-103841.2
-103906.5
-103970.9
-104035.4
-104101.1
-104168.1
-104235.3
-104304.6
-104373.2
-104441.3
-104509.3
-104576.9
-104644.4
-104710.5
-104775.1
-104837.8
-104899.3
-104961
-105023.6
-105085.6
-105147.2
-105209.6
-105273.8
-105339.5
-105404.3
-105467.7
-105531.0
-105593.9
-105657.0
-105720.8
-105786.1
-105853.2
-105921.2
-105990.0
-106059.8
-106130.0
-106201.4
-106273.2
-106345.2
-106417.8
-106490.0
-106561.9
-106634.2
-106707.4
-106781.5
-106855.9
-106929.2
-107003.2
-107078.2
-107154.4
-107231.5
-107308.3
-107385.1
-107460.6
-107536.4
-107610.9
-107684.8
-107759
-107833.6
-107907.5
-107981.7
-108055.4
-108129.0
-108202.8
-108276.7
-108351.6
-108427.9
-108503.8
-108581.9
-108660.6
-108740.2
-108819.9
-108899.9
-108982.0
-109066.8
-109152.2
-109238.1
-109324.3
-109412.9
-109503.2
-109593.6
-109682.9
-109771.8
-109861.8
-109951.3
-110039.3
-110127.7
-110216.1
-110305.1
-110392.6
-110477.3
-110560.5
-110642.1
-110722.6
-110803.2
-110882.9
-110963.8
-111045.2
-111127.7
-111209.6
-111289.3
-111367.7
-111445.7
-111524.9
-111603.8
-111681.1
-111758.6
-111837.2
-111915.5
-111994.4
-112074
-112153.6
-112233.5
-112313.9
-112393.9
-112472.3
-112549.5
-112626.4
-112703.3
-112780.4
-112858.8
-112938.3
-113017.3
-113097.2
-113178.4
-113260.4
-113342.1
-113423.4
-113505.1
-113587.4
-113671.4
-113756.2
-113840.9
-113924.1
-114007.3
-114092.2
-114178.2
-114264.8
-114352.9
-114440.5
-114527.2
-114612.9
-114697.9
-114781.7
-114864.4
-114946.5
-115027.1
-115106.1
-115185.2
-115265.9
-115347.3
-115429.5
-115510.3
-115589.5
-115668.4
-115747.6
-115827
-115908.1
-115989.9
-116071.9
-116153.2
-116234.3
-116314.4
-116392.9
-116470.8
-116547.5
-116622.4
-116695.8
-116769.3
-116843.9
-116919.1
-116994.3
-117069.0
-117143.1
-117218.1
-117293.9
-117369.5
-117444.7
-117519.9
-117595.0
-117670.6
-117747.1
-117824.4
-117903.7
-117984.8
-118067.4
-118150.1
-118231.5
-118312.5
-118392.8
-118472.7
-118553.1
-118633.4
-118711.9
-118789.6
-118865.2
-118938.7
-119012.1
-119086
-119160
-119235.0
-119310.3
-119385.7
-119460.8
-119536.4
-119613.1
-119693.3
-119773.9
-119853.5
-119932.5
-120011.0
-120090.0
-120169.9
-120248.8
-120326.4
-120403.6
-120481.4
-120559.8
-120637.5
-120716.6
-120796.1
-120875.5
-120954.9
-121035.3
-121115.9
-121197.9
-121280.2
-121362.3
-121445.0
-121529.5
-121612.4
-121693.9
-121776.2
-121858.3
-121939.7
-122020.9
-122102.7
-122183.6
-122264.0
-122343.7
-122422.0
-122501.0
-122580.3
-122659.4
-122737.6
-122815.7
-122893.5
-122971.4
-123048.8
-123124.5
-123198.2
-123270.9
-123344.0
-123417.8
-123491.2
-123563.2
-123635.3
-123707.1
-123777.9
-123847.7
-123918.3
-123988.4
-124058.3
-124130.1
-124203.0
-124275.2
-124347.5
-124419.8
-124492.8
-124567.0
-124640.9
-124713.2
-124784.7
-124854.8
-124924.9
-124992.9
-125059.4
-125125.8
-125192.4
-125257.8
-125321.6
-125385.3
-125449.8
-125514.7
-125580.7
-125648.1
-125715.4
-125780.6
-125845.3
-125910.1
-125975.0
-126040.2
-126105.0
-126170.5
-126236.4
-126301.2
-126365.4
-126429.7
-126491.9
-126553.3
-126615.6
-126679.0
-126743.2
-126806.4
-126868.2
-126931.2
-126994.6
-127058.9
-127124.0
-127189.8
-127255.4
-127321.5
-127387.2
-127453.3
-127519.0
-127584.5
-127653
-127724.0
-127795.8
-127866.9
-127939.5
-128012.1
-128084.7
-128158.1
-128232.4
-128306.5
-128380.8
-128454.2
-128527.7
-128601.8
-128677.0
-128752.4
-128826.1
-128898.9
-128972.2
-129045.4
-129118.1
-129190.7
-129263.8
-129337.1
-129410.4
-129482.6
-129555.1
-129628.9
-129704
-129782.0
-129860.4
-129938.2
-130015.6
-130094.2
-130174.6
-130256.3
-130338.4
-130420.4
-130501.8
-130583.2
-130663.9
-130743.1
-130821.9
-130901.0
-130980.5
-131060.2
-131139.5
-131220.0
-131301.3
-131381.4
-131460.3
-131536.1
-131610.4
-131684.9
-131760.6
-131835.6
-131910.1
-131984.3
-132057.9
-132130.5
-132202.3
-132274.1
-132346.3
-132419.6
-132493.9
-132569.5
-132645.8
-132723.9
-132802.9
-132883.3
-132964.1
-133045.2
-133127.4
-133210.3
-133292.6
-133375.2
-133458.3
-133542.7
-133625.7
-133708.5
-133792.6
-133875.8
-133957.8
-134040.5
-134122.6
-134204.7
-134288.6
-134374.6
-134462.3
-134552.8
-134644.7
-134737.8
-134831.7
-134926.0
-135020.4
-135115.1
-135210.4
-135305.9
-135402.8
-135501.8
-135600.4
-135699.3
-135798.5
-135897.6
-135997.8
-136100.0
-136202.8
-136306.7
-136411.1
-136514.8
-136618.3
-136720.9
-136823.7
-136928.3
-137033.4
-137138.6
-137245.0
-137351.2
-137457.1
-137563.7
-137670.5
-137778.3
-137886.3
-137994.6
-138101.8
-138208.3
-138316.5
-138426.4
-138537.2
-138646
-138754.7
-138863.4
-138970.3
-139078.5
-139187.2
-139295.7
-139404.5
-139512.3
-139618.8
-139725.1
-139830.9
-139936.9
-140045.2
-140155.0
-140267.5
-140381.4
-140496.5
-140611.7
-140726.8
-140843.6
-140962.9
-141084.2
-141207.3
-141331.2
-141455.6
-141578.6
-141701.7
-141826
-141952.3
-142077.1
-142200.2
-142324.3
-142449.0
-142573.3
-142696.7
-142819.9
-142942.0
-143065.3
-143188.7
-143312.2
-143436.7
-143561.6
-143686.9
-143813
-143940.0
-144067.7
-144193.6
-144317.7
-144442.5
-144565.7
-144687.6
-144809.6
-144930.6
-145052.5
-145175.3
-145297.7
-145419.9
-145541.6
-145663.6
-145786.1
-145908.6
-146030.6
-146151.0
-146269.3
-146386.4
-146502.4
-146617.4
-146731.6
-146845.4
-146958.3
-147070.6
-147182.9
-147293.9
-147403.7
-147512.7
-147621.3
-147730.0
-147837.9
-147945.2
-148051.9
-148160.7
-148270.8
-148377
-148482.3
-148587.3
-148691.0
-148793.4
-148896.1
-148999.1
-149103.1
-149206.8
-149310.1
-149414.0
-149517.6
-149622.4
-149728.2
-149835.2
-149942.0
-150048.7
-150154.6
-150260.4
-150367.3
-150475.3
-150583.9
-150694.2
-150804.9
-150916.5
-151028.2
-151139.8
-151251.5
-151364.3
-151476.1
-151587.7
-151700.4
-151815.4
-151930.7
-152045.5
-152156.9
-152267.2
-152376.6
-152486.6
-152596.3
-152703.8
-152810.2
-152917.3
-153024.6
-153131.9
-153238.0
-153343.9
-153448.9
-153554.2
-153660.3
-153766.6
-153873.5
-153981.4
-154090.1
-154200.3
-154313.0
-154426.7
-154541.4
-154658.0
-154774.4
-154891.7
-155009.7
-155128.2
-155247.5
-155363.9
-155478.1
-155593.4
-155708.8
-155823.3
-155937.4
-156051.1
-156163.1
-156273.6
-156383.8
-156495.2
-156607.6
-156720.5
-156832.9
-156944.6
-157055.6
-157164.7
-157272.4
-157379.4
-157487.2
-157597.2
-157708.9
-157819.8
-157931.8
-158044.5
-158156.3
-158266.9
-158376.2
-158484.1
-158593.1
-158702.4
-158811.6
-158919.5
-159025.9
-159134.0
-159243.1
-159352.3
-159461.3
-159571.1
-159681.8
-159791.9
-159901.2
-160010.4
-160120.3
-160231.9
-160343.1
-160454.0
-160563.4
-160670.7
-160776.7
-160881.6
-160986.4
-161091.8
-161198.2
-161304.7
-161410.2
-161517.2
-161625.5
-161734.7
-161842.3
-161949.5
-162057.3
-162164.3
-162271.5
-162378.8
-162486.5
-162593.7
-162701.1
-162809.7
-162918.6
-163028.7
-163140.7
-163253.2
-163364.5
-163475.2
-163584.7
-163691.5
-163798.2
-163905.2
-164013.0
-164122
-164232.8
-164343.9
-164454.3
-164563.4
-164672.0
-164778.9
-164883.8
-164988.0
-165093.5
-165198.6
-165303.1
-165407.9
-165512.2
-165616.3
-165722.4
-165828.9
-165936.2
-166042.5
-166147.8
-166252.2
-166354.4
-166456.9
-166560.4
-166662.9
-166765.4
-166867.3
-166969.2
-167071.3
-167173.1
-167276.7
-167382.1
-167487.7
-167592.7
-167698.7
-167805.1
-167910.0
-168015.6
-168120.8
-168226.3
-168331.6
-168435.9
-168540.4
-168646.1
-168751
-168856.3
-168963.4
-169072.9
-169183.8
-169294.7
-169405.1
-169513.8
-169621.4
-169728.7
-169835.1
-169941.2
-170047.7
-170154.0
-170259
-170363.1
-170466.9
-170570.9
-170673.6
-170776.5
-170881.2
-170988.1
-171095.5
-171203.1
-171309.9
-171417.6
-171527.1
-171637.8
-171749.7
-171861.5
-171973.8
-172087.9
-172203.4
-172320.1
-172437.3
-172554.4
-172671.3
-172788.5
-172906.3
-173022.8
-173139.6
-173257.6
-173374.1
-173490
-173604.9
-173717.4
-173827.9
-173935.7
-174042.2
-174149.0
-174255.2
-174362.8
-174471.2
-174580.3
-174691.5
-174803.0
-174915.2
-175028.6
-175140.7
-175253.2
-175366.5
-175479.5
-175591.7
-175705.5
-175818.9
-175929.4
-176038.5
-176146.7
-176252.1
-176358.3
-176464.8
-176570.3
-176674.9
-176779.5
-176885.5
-176989.8
-177092.7
-177194.9
-177296.2
-177397.2
-177496.6
-177595.3
-177692.7
-177790.6
-177887.3
-177980.8
-178073.9
-178167.3
-178258.4
-178350.3
-178443
-178535
-178627.5
-178720.7
-178816.2
-178912
-179008.8
-179104.2
-179199.5
-179295.9
-179392.1
-179488.4
-179583.0
-179677.7
-179773.0
-179869.2
-179966.7
-180065.8
-180166.3
-180267.6
-180368.1
-180469.4
-180573.3
-180679
-180785.1
-180891.5
-180997.5
-181105.1
-181214.8
-181324.9
-181433.4
-181542.2
-181651.1
-181760.3
-181870.1
-181979.9
-182089.3
-182199.6
-182309.4
-182418.0
-182526.2
-182634.4
-182742.6
-182851
-182959.9
-183068.5
-183176.7
-183284.2
-183391.0
-183498.2
-183603.3
-183708.5
-183814
-183917.8
-184020.7
-184123.9
-184226.7
-184328.4
-184428.6
-184527.7
-184626.4
-184722.6
-184817.9
-184913.5
-185008.8
-185104.3
-185199.5
-185295.1
-185389.4
-185483.9
-185579.6
-185675.1
-185770.9
-185867.1
-185962.8
-186058.3
-186155.1
-186252.7
-186351.2
-186449.5
-186548.6
-186649.3
-186748.9
-186846.0
-186942.4
-187038
-187133.4
-187227.8
-187321.5
-187415.2
-187508.3
-187601.4
-187696.1
-187791.8
-187889.1
-187987.3
-188085.5
-188183.5
-188280.6
-188376.3
-188471.4
-188568.0
-188665.4
-188763.3
-188862.4
-188962.3
-189061.7
-189161.0
-189261.3
-189362.7
-189463.6
-189564.5
-189666.7
-189770.1
-189873.2
-189976.2
-190079.4
-190183.9
-190290.7
-190398.6
-190508.3
-190619.5
-190730.4
-190840.0
-190950.2
-191061.1
-191170.9
-191280.1
-191390.7
-191503.3
-191619.1
-191736.0
-191852.1
-191967.5
-192083.5
-192200.5
-192316.9
-192433.9
-192549.9
-192665.1
-192779.6
-192893.2
-193005.6
-193116.4
-193226.4
-193335.4
-193442.4
-193547.5
-193651.6
-193754.6
-193857.1
-193959.6
-194063.0
-194167.3
-194271.4
-194374.6
-194477.0
-194578
-194677.9
-194776.9
-194877.6
-194978.4
-195079.5
-195181.0
-195282.7
-195386.1
-195490.2
-195593.2
-195695.1
-195798.0
-195900.5
-196002.6
-196103.8
-196206.2
-196308.5
-196413.8
-196520.2
-196624.5
-196725.9
-196827.2
-196928.2
-197030.3
-197131.7
-197231.6
-197331.3
-197430.8
-197530.2
-197626.8
-197722.6
-197818.9
-197915.8
-198013.4
-198113.0
-198215.1
-198317.3
-198418.7
-198519.2
-198619.5
-198721
-198824.6
-198928.2
-199032.5
-199136.2
-199239.3
-199341.9
-199444.6
-199547.9
-199651.2
-199752.3
-199851.7
-199950.2
-200047.7
-200145.4
-200242.7
-200339.4
-200434.6
-200527.6
-200618.7
-200709.3
-200798.5
-200885.7
-200971.4
-201056.0
-201140.1
-201223.9
-201306.4
-201387.7
-201469.8
-201552.7
-201636.1
-201719.5
-201804.1
-201889.6
-201974.3
-202057.5
-202141.9
-202228.4
-202316.7
-202406.1
-202495
-202583.8
-202671.2
-202758.4
-202845.8
-202931.7
-203016.4
-203099.5
-203183.1
-203268.3
-203351.5
-203435.4
-203519.0
-203602.4
-203686.6
-203769.7
-203851
-203933.1
-204015.5
-204098.7
-204182.7
-204267.0
-204350.1
-204432.8
-204517
-204601.7
-204685.9
-204769.9
-204855.6
-204943.2
-205030.8
-205119.0
-205207
-205295.8
-205386.1
-205477.7
-205569.6
-205660.5
-205751.6
-205842.7
-205935.5
-206030.0
-206124.5
-206217.6
-206311.3
-206405.7
-206499.9
-206594.9
-206689.0
-206782.7
-206878.0
-206972.0
-207064.1
-207155.9
-207248.3
-207340.7
-207433.9
-207526.7
-207619.3
-207710.5
-207801.2
-207892.7
-207983.9
-208075.9
-208166.7
-208255.7
-208343.8
-208431.8
-208519.4
-208606.5
-208693.2
-208779.6
-208866.4
-208952.3
-209038.4
-209124.5
-209210.3
-209294.7
-209377.5
-209459.7
-209542.5
-209626.7
-209712.1
-209796.6
-209880.0
-209962.3
-210045.3
-210130.1
-210216.3
-210303.9
-210391.7
-210478.7
-210564.5
-210649.2
-210734.2
-210820.8
-210908.6
-210996.1
-211083.4
-211169.2
-211254.8
-211338.9
-211420.5
-211502.3
-211584.2
-211665.1
-211746.7
-211828.4
-211907.7
-211986.9
-212067.2
-212147.8
-212228.4
-212308.3
-212387.9
-212465.5
-212542.1
-212618.8
-212694.4
-212769.2
-212843.8
-212918.9
-212994.9
-213072.6
-213149.9
-213229.4
-213311.7
-213394.8
-213478
-213559.6
-213639.6
-213717.9
-213795.9
-213874.5
-213954.6
-214034.9
-214113.3
-214191.9
-214269.3
-214345.1
-214422.0
-214499.8
-214576.7
-214652.5
-214729.6
-214808.1
-214887.8
-214968.6
-215049.7
-215131.5
-215214.6
-215300.3
-215386.8
-215472.3
-215557.5
-215643.1
-215728.9
-215815.1
-215900.3
-215985.2
-216071.2
-216160.1
-216252.2
-216345.7
-216439.8
-216534.7
-216628.5
-216722.1
-216814.9
-216908.3
-217002.5
-217097.8
-217192.5
-217286.4
-217380.4
-217473.2
-217567
-217661
-217756.6
-217854.8
-217952.8
-218051.9
-218151.2
-218252.2
-218352.2
-218449.6
-218544.6
-218640.9
-218738
-218835.1
-218933.5
-219032.9
-219134.6
-219237.5
-219339.7
-219441.5
-219544.1
-219648.4
-219753.4
-219857.3
-219962.9
-220069.5
-220177.1
-220285.3
-220392.5
-220501.4
-220609.9
-220717.2
-220825.4
-220934.7
-221046.7
-221158.2
-221269.1
-221379.8
-221490.8
-221600.6
-221709.5
-221818.5
-221927.2
-222036.3
-222145.0
-222253.7
-222363.6
-222473.3
-222581.9
-222691.0
-222802.2
-222914.8
-223026.9
-223138.5
-223250.4
-223362.7
-223474.2
-223585.4
-223696.2
-223809.4
-223923.1
-224037.6
-224153.2
-224270.2
-224387.2
-224501.7
-224616.8
-224733.3
-224849.3
-224965.5
-225082.2
-225199.9
-225317.2
-225434.1
-225549.6
-225663.4
-225777.2
-225893.5
-226009.8
-226125.4
-226241.0
-226356.1
-226472.0
-226588.9
-226703.6
-226817.4
-226932.1
-227046.9
-227162.2
-227277.6
-227391.9
-227506.6
-227621.4
-227736.5
-227853.1
-227969.3
-228082.9
-228196.6
-228313.1
-228431.5
-228550.9
-228671
-228791.8
-228912.9
-229033.4
-229155.2
-229278.8
-229402.1
-229523.9
-229643
-229761.1
-229879.3
-229997.6
-230115.6
-230232.5
-230347.9
-230460.3
-230569.7
-230677.5
-230785.3
-230892.9
-231001.5
-231110.2
-231218.4
-231326.9
-231437.2
-231548.1
-231660.0
-231772.7
-231885.4
-231996.1
-232106.2
-232217.0
-232327.2
-232437.6
-232550
-232664.8
-232778.2
-232890.5
-233001.7
-233112.7
-233224
-233334.6
-233443.9
-233553.0
-233663.2
-233773.5
-233884.1
-233995.1
-234107.0
-234220.9
-234334.1
-234446
-234557.6
-234669.2
-234779.7
-234888.6
-234997.2
-235105.3
-235211.7
-235315.5
-235417.7
-235519.1
-235620.3
-235721.9
-235822
-235920.3
-236017.7
-236114.9
-236211.9
-236309
-236405.1
-236500.8
-236595.5
-236688.2
-236780.7
-236874.7
-236969.5
-237065.9
-237163
-237260.3
-237357.8
-237453.6
-237549.2
-237645.8
-237742.3
-237838.6
-237934.2
-238029.9
-238126.5
-238223.1
-238318.9
-238413.9
-238509.9
-238606.1
-238701.1
-238793.7
-238885.5
-238979.0
-239073.8
-239168.7
-239263.3
-239357.2
-239449.2
-239540.3
-239631.8
-239724.4
-239817.9
-239912
-240005.6
-240099.0
-240193.6
-240287.9
-240380.7
-240474.9
-240570.7
-240668.8
-240768.4
-240868.0
-240967.4
-241068.5
-241170.3
-241272.3
-241374.3
-241476.0
-241577.9
-241678.8
-241779.5
-241880.9
-241982.1
-242085.2
-242188.9
-242292.4
-242393.9
-242494.1
-242592.3
-242689.0
-242786.8
-242884.5
-242982.5
-243079.8
-243177.7
-243275.1
-243372.7
-243473.2
-243574.6
-243676.9
-243780.4
-243885.3
-243990.1
-244093.0
-244194.6
-244296.4
-244397.5
-244498.2
-244598.6
-244698.2
-244797.3
-244895.2
-244993.1
-245090.7
-245186.8
-245284.4
-245381.8
-245479.7
-245580.3
-245681.7
-245783.3
-245884.6
-245986
-246087.8
-246189.9
-246292.1
-246395.3
-246499.8
-246603.7
-246708
-246812.8
-246917.7
-247023.1
-247128.7
-247236.3
-247344.5
-247451.7
-247557.9
-247665.2
-247772.9
-247880.7
-247989.9
-248099.4
-248209.6
-248320.4
-248431.7
-248543.1
-248654.6
-248766.4
-248877.5
-248987.6
-249096.2
-249203.9
-249312.6
-249422
-249530.6
-249637.9
-249746.8
-249858.8
-249970.9
-250081.7
-250191.4
-250301.0
-250411.8
-250525.6
-250639.9
-250752.4
-250863.7
-250974.0
-251084.0
-251193.5
-251301
-251409.4
-251517.6
-251625.7
-251734.5
-251842.5
-251950
-252058.7
-252168
-252276.0
-252383.4
-252491.5
-252599.8
-252706.5
-252812.7
-252918.8
-253025.5
-253132.3
-253239.7
-253346.2
-253451
-253555.8
-253659
-253760.8
-253863.5
-253965.4
-254066.7
-254167.2
-254263.9
-254358
-254451.8
-254546.2
-254640.3
-254735.3
-254830.5
-254925.1
-255018.4
-255110.4
-255200.7
-255290.9
-255382.1
-255474.5
-255567.1
-255662.0
-255757.5
-255851.4
-255943.4
-256034.6
-256124.3
-256213.0
-256301.4
-256389.6
-256477.8
-256567.1
-256657.7
-256746.5
-256834.5
-256921.7
-257008.4
-257095.2
-257181.4
-257267.7
-257354
-257440.1
-257525.7
-257610.8
-257695.8
-257780.0
-257864.6
-257950.3
-258035.8
-258122.3
-258210.7
-258300.2
-258390
-258479.4
-258569.9
-258660.7
-258750.5
-258840.5
-258930.9
-259021.9
-259114.1
-259206.2
-259297.5
-259388.5
-259477.9
-259567.7
-259658.9
-259750.3
-259840.3
-259929.3
-260018.7
-260109.3
-260198.1
-260285.6
-260372.7
-260459.1
-260545.3
-260632.5
-260721.2
-260811.6
-260902.9
-260994.3
-261085.8
-261175.4
-261265.3
-261355.3
-261444.7
-261535.5
-261629.9
-261724.7
-261818.7
-261912.6
-262007.2
-262102.2
-262197.9
-262294.9
-262391.8
-262488.8
-262585.5
-262681.7
-262777.7
-262874.6
-262972.5
-263070.5
-263165.8
-263258.6
-263351.3
-263444.1
-263537.1
-263631
-263725.9
-263820.7
-263915.2
-264009.4
-264103.8
-264199.1
-264295.8
-264392
-264487
-264581.4
-264674.6
-264767.1
-264858.3
-264948.1
-265037.3
-265127.3
-265217.5
-265307.4
-265397.9
-265489.4
-265582.5
-265676.9
-265773.0
-265869.1
-265964.4
-266059.4
-266152.1
-266244.4
-266337.1
-266430.0
-266523.3
-266616.6
-266708.4
-266799.1
-266890.1
-266981.4
-267072
-267162.6
-267253.0
-267344.0
-267434.5
-267525.2
-267615.5
-267703.8
-267791.7
-267882.3
-267972.2
-268060.7
-268150
-268241.1
-268333.4
-268427
-268521.4
-268614.9
-268707.5
-268799.9
-268891.8
-268981.4
-269069.7
-269158.1
-269246.0
-269332.4
-269419.3
-269507.6
-269596.7
-269686.5
-269778
-269869.7
-269961
-270052.4
-270143.9
-270238.1
-270333
-270428.9
-270526.8
-270625
-270722.9
-270820.4
-270917.3
-271013.8
-271111.5
-271210.4
-271310.4
-271410.5
-271510.7
-271611.5
-271711.3
-271808.8
-271903.9
-271997.8
-272091.4
-272184.6
-272277.2
-272370.1
-272464.2
-272559.9
-272656.5
-272754.3
-272852.7
-272950.9
-273047
-273143.3
-273239.8
-273337.4
-273435.5
-273534.9
-273633.2
-273730.3
-273829
-273929.1
-274030
-274131.2
-274231.9
-274332.9
-274433.6
-274533.9
-274633.9
-274734.4
-274834.9
-274935.9
-275037.2
-275136.9
-275236.5
-275337.7
-275440.9
-275543.1
-275645.6
-275748.5
-275849.5
-275951.2
-276054.1
-276157.3
-276261.2
-276363.4
-276463.1
-276563.4
-276663.3
-276761.2
-276858.0
-276954.3
-277050.1
-277145.0
-277239.8
-277334.7
-277429.8
-277525.4
-277619.2
-277712.0
-277805.3
-277899.3
-277993.2
-278088.3
-278183.3
-278275.8
-278367.6
-278459.2
-278551
-278644.6
-278740.5
-278837.2
-278934.3
-279031.5
-279130.4
-279230.6
-279329.1
-279427.2
-279525.2
-279622.3
-279720.6
-279821.9
-279922.5
-280020.5
-280118.1
-280215.9
-280314.1
-280413.2
-280512.1
-280610.9
-280709.6
-280808.3
-280906.0
-281003.6
-281100.5
-281195.4
-281290.6
-281387.7
-281486.0
-281583.2
-281679.1
-281774.5
-281870.7
-281970
-282070.5
-282172.3
-282275.3
-282377.9
-282480.2
-282581.5
-282683.2
-282784.5
-282884.4
-282984.9
-283085.5
-283184.3
-283282.8
-283382.1
-283482.6
-283584.5
-283687.4
-283792.5
-283898
-284002.3
-284106.9
-284211.5
-284314.7
-284415.3
-284515.7
-284615.2
-284714.4
-284813.5
-284912.3
-285009.5
-285106.7
-285203.5
-285298.7
-285393.7
-285490.3
-285584.1
-285675.9
-285766.5
-285856.2
-285946.7
-286037.3
-286128.1
-286219.5
-286310
-286400.4
-286490.8
-286580.3
-286669.4
-286759.3
-286849.3
-286940.4
-287032
-287123
-287213.9
-287302.3
-287389.5
-287478.1
-287568.0
-287657.6
-287748.3
-287839.4
-287930.2
-288020.3
-288110.9
-288200.5
-288290.2
-288379.2
-288469.8
-288561.4
-288654.0
-288747.2
-288839.1
-288930.5
-289021.8
-289113.8
-289205.4
-289297.9
-289391.0
-289484.8
-289577.8
-289671
-289765.1
-289861.6
-289959.3
-290057.0
-290155.7
-290256.2
-290357.3
-290459.2
-290561.2
-290662
-290762.4
-290863.4
-290965.1
-291066.8
-291167.5
-291267.9
-291368.1
-291466.9
-291563.8
-291660.3
-291756
-291851.3
-291946.1
-292040.0
-292132.6
-292222.6
-292313.9
-292406.5
-292498.5
-292590.6
-292683.3
-292776.9
-292871.0
-292965.1
-293059.7
-293155.3
-293251.6
-293347.5
-293442.8
-293539.2
-293638.7
-293740.4
-293843.6
-293946.3
-294047.4
-294147.7
-294247.7
-294345.8
-294443.2
-294540.2
-294637.2
-294733.6
-294830.3
-294928.5
-295026
-295122.1
-295218.5
-295313.8
-295408
-295503.3
-295599.7
-295696.4
-295792.1
-295887.9
-295985.9
-296084.4
-296183.3
-296282.3
-296381.4
-296479.9
-296578.9
-296680.5
-296782.8
-296885.7
-296990.1
-297095.9
-297201.9
-297308.1
-297414.0
-297521.6
-297631.8
-297742.7
-297853
-297964.3
-298075.2
-298184.7
-298292.4
-298399.5
-298506.5
-298612.6
-298718.2
-298822.4
-298925.9
-299029.4
-299132.9
-299235.1
-299336.8
-299438.6
-299541.6
-299644.4
-299745.7
-299844.8
-299943.7
-300042.6
-300141.5
-300239.4
-300338.4
-300437.3
-300535.3
-300633.2
-300731.2
-300830.7
-300930.6
-301030.6
-301130.4
-301230.1
-301330.8
-301430.6
-301530.5
-301631.3
-301732.1
-301834.5
-301937.3
-302040.7
-302144.2
-302247.4
-302351.1
-302454.9
-302558.4
-302661.1
-302762.3
-302862.6
-302964.3
-303066.9
-303169.8
-303271.3
-303372.3
-303473.6
-303574.3
-303676.5
-303782.2
-303887.8
-303993.3
-304099.4
-304206.5
-304314.2
-304423.1
-304534.9
-304648.8
-304762
-304875.6
-304989.4
-305103.4
-305216.5
-305329.4
-305441.2
-305554.5
-305668.1
-305781.6
-305896.1
-306010.7
-306124.7
-306238.2
-306351.5
-306464.2
-306576.3
-306688.8
-306802.2
-306916.2
-307030.8
-307144.4
-307258.8
-307374.9
-307490.5
-307605.9
-307721.2
-307836.2
-307950.6
-308064.7
-308181
-308297.4
-308412.5
-308527.3
-308642.2
-308756.7
-308870.2
-308982.4
-309094.3
-309206.4
-309317.6
-309426.6
-309535.3
-309643.2
-309750.2
-309857.6
-309966.3
-310075.4
-310185.5
-310295.1
-310404.6
-310514.2
-310623.8
-310733.1
-310843.3
-310953.5
-311063.7
-311173
-311280.8
-311387.1
-311494.3
-311602.4
-311710.8
-311817.6
-311922.2
-312026.3
-312130.1
-312234.0
-312337.2
-312440.3
-312542.4
-312643.7
-312744.9
-312844.2
-312942.3
-313038.8
-313134.4
-313230.4
-313327
